3.00 proc0 36.00 66.00
15.00 proc1 43.00 93.00
6.00 proc2 42.00 97.00
1.00 proc3 12.00 40.00
10.00 proc4 9.00 32.00
6.00 proc5 40.00 72.00
12.00 proc6 36.00 59.00
8.00 proc7 17.00 54.00
2.00 proc8 30.00 44.00
3.00 proc9 17.00 55.00
9.00 proc10 2.00 33.00
18.00 proc11 19.00 54.00
13.00 proc12 6.00 30.00
2.00 proc13 29.00 54.00
1.00 proc14 19.00 54.00
17.00 proc15 48.00 89.00
15.00 proc16 20.00 48.00
6.00 proc17 41.00 77.00
16.00 proc18 23.00 51.00
10.00 proc19 46.00 87.00
5.00 proc20 25.00 64.00
7.00 proc21 36.00 48.00
6.00 proc22 29.00 48.00
17.00 proc23 24.00 86.00
2.00 proc24 45.00 61.00
7.00 proc25 34.00 55.00
3.00 proc26 0.00 40.00
8.00 proc27 26.00 62.00
8.00 proc28 34.00 45.00
11.00 proc29 4.00 64.00
12.00 proc30 10.00 48.00
8.00 proc31 39.00 59.00
6.00 proc32 36.00 86.00
19.00 proc33 45.00 84.00
14.00 proc34 28.00 59.00
1.00 proc35 47.00 50.00
17.00 proc36 42.00 61.00
16.00 proc37 1.00 47.00
6.00 proc38 41.00 62.00
9.00 proc39 44.00 72.00
0.00 proc40 29.00 60.00
17.00 proc41 47.00 85.00
1.00 proc42 25.00 35.00
7.00 proc43 17.00 30.00
17.00 proc44 3.00 56.00
5.00 proc45 6.00 44.00
19.00 proc46 24.00 71.00
11.00 proc47 32.00 72.00
3.00 proc48 19.00 42.00
8.00 proc49 8.00 31.00
0.00 proc50 49.00 95.00
3.00 proc51 18.00 66.00
6.00 proc52 1.00 28.00
15.00 proc53 29.00 82.00
4.00 proc54 28.00 73.00
10.00 proc55 43.00 53.00
14.00 proc56 14.00 52.00
14.00 proc57 37.00 57.00
3.00 proc58 41.00 71.00
5.00 proc59 9.00 50.00
12.00 proc60 1.00 50.00
8.00 proc61 25.00 40.00
14.00 proc62 21.00 43.00
15.00 proc63 29.00 81.00
15.00 proc64 43.00 76.00
8.00 proc65 43.00 62.00
8.00 proc66 29.00 63.00
4.00 proc67 43.00 60.00
13.00 proc68 38.00 57.00
0.00 proc69 4.00 22.00
8.00 proc70 38.00 65.00
17.00 proc71 17.00 80.00
4.00 proc72 43.00 67.00
3.00 proc73 40.00 92.00
12.00 proc74 25.00 81.00
10.00 proc75 5.00 54.00
14.00 proc76 36.00 69.00
2.00 proc77 42.00 58.00
17.00 proc78 7.00 29.00
4.00 proc79 48.00 63.00
2.00 proc80 28.00 79.00
3.00 proc81 46.00 67.00
0.00 proc82 22.00 33.00
10.00 proc83 5.00 16.00
1.00 proc84 30.00 59.00
5.00 proc85 20.00 61.00
4.00 proc86 26.00 52.00
5.00 proc87 8.00 29.00
2.00 proc88 8.00 34.00
17.00 proc89 12.00 53.00
0.00 proc90 36.00 38.00
19.00 proc91 29.00 48.00
8.00 proc92 21.00 52.00
11.00 proc93 31.00 72.00
13.00 proc94 44.00 67.00
3.00 proc95 49.00 83.00
19.00 proc96 46.00 74.00
13.00 proc97 13.00 44.00
10.00 proc98 45.00 81.00
6.00 proc99 34.00 80.00
