28.24 proc0 7.05 52.33
20.72 proc1 0.57 65.65
36.85 proc2 9.44 77.80
16.61 proc3 7.16 34.14
9.45 proc4 5.78 54.16
34.95 proc5 7.46 96.16
33.60 proc6 7.51 49.06
10.22 proc7 5.99 78.72
13.92 proc8 5.72 46.20
20.79 proc9 2.65 23.67
34.30 proc10 0.29 87.69
5.71 proc11 5.88 68.94
27.60 proc12 5.84 86.61
6.14 proc13 0.33 38.32
11.26 proc14 2.89 14.32
30.46 proc15 2.33 88.91
19.98 proc16 1.41 58.87
23.90 proc17 4.18 35.50
17.74 proc18 7.94 76.02
30.84 proc19 3.56 104.64
30.95 proc20 2.83 106.16
20.15 proc21 4.37 66.04
11.44 proc22 1.83 23.61
0.67 proc23 3.49 17.00
16.38 proc24 6.53 57.40
16.47 proc25 4.76 73.22
7.15 proc26 0.16 69.90
25.64 proc27 6.62 51.16
29.30 proc28 1.42 34.15
17.14 proc29 9.75 57.00
14.79 proc30 8.12 74.22
13.50 proc31 3.56 26.15
33.99 proc32 6.65 63.44
2.09 proc33 6.84 57.88
8.43 proc34 1.26 32.63
25.44 proc35 5.71 89.83
14.09 proc36 7.65 81.64
7.96 proc37 4.57 47.12
17.29 proc38 2.49 64.99
18.98 proc39 7.13 69.46
33.83 proc40 1.12 64.19
22.15 proc41 4.77 82.87
26.63 proc42 3.96 61.44
0.88 proc43 4.53 12.52
25.03 proc44 6.80 48.42
36.34 proc45 3.68 99.45
28.29 proc46 7.49 77.55
20.84 proc47 9.64 31.56
0.90 proc48 4.31 25.00
23.20 proc49 9.44 105.88
7.59 proc50 8.59 22.85
22.01 proc51 4.57 69.06
12.61 proc52 1.77 86.55
27.83 proc53 2.01 60.95
31.35 proc54 8.77 47.26
2.53 proc55 8.59 45.86
31.85 proc56 6.24 53.99
15.45 proc57 1.87 30.54
15.99 proc58 2.11 63.67
25.75 proc59 8.38 75.53
24.88 proc60 0.44 56.12
28.17 proc61 6.39 99.65
12.13 proc62 9.79 25.29
10.73 proc63 7.32 36.46
26.08 proc64 5.79 41.06
29.60 proc65 6.47 109.71
9.74 proc66 5.08 60.25
17.59 proc67 9.26 86.30
24.11 proc68 3.58 27.99
9.59 proc69 0.54 73.31
30.01 proc70 7.26 103.73
8.20 proc71 4.88 52.42
3.31 proc72 8.15 49.27
4.97 proc73 1.05 23.71
14.06 proc74 8.10 83.26
