7.20 proc0 3.55 80.79
31.00 proc1 2.90 69.16
34.66 proc2 6.21 88.61
10.49 proc3 2.50 71.45
13.15 proc4 7.81 94.30
10.24 proc5 9.68 77.29
24.91 proc6 3.93 95.23
17.89 proc7 9.04 87.40
10.47 proc8 4.82 28.76
30.70 proc9 1.27 50.17
32.32 proc10 3.21 80.37
29.87 proc11 1.59 98.06
10.27 proc12 0.96 49.42
33.82 proc13 3.79 94.57
25.66 proc14 7.35 73.53
24.84 proc15 0.11 63.06
16.14 proc16 6.85 90.61
11.89 proc17 1.68 74.02
4.72 proc18 4.51 30.83
11.37 proc19 2.81 45.27
20.35 proc20 1.55 77.08
5.47 proc21 9.62 82.19
1.32 proc22 2.40 77.99
20.17 proc23 1.54 49.42
11.26 proc24 8.47 27.55
31.26 proc25 5.19 45.12
13.05 proc26 9.55 82.63
9.41 proc27 2.77 84.82
2.23 proc28 4.04 37.76
12.88 proc29 7.11 72.57
28.22 proc30 2.62 95.00
18.44 proc31 4.09 83.86
14.55 proc32 4.45 23.29
14.19 proc33 9.90 39.92
27.86 proc34 2.95 35.18
31.72 proc35 1.39 76.39
35.99 proc36 4.92 80.82
28.61 proc37 7.46 96.72
27.45 proc38 8.07 51.47
5.98 proc39 1.55 76.86
31.92 proc40 9.17 55.03
26.57 proc41 4.16 75.38
19.82 proc42 8.09 30.95
21.94 proc43 1.92 26.16
29.75 proc44 9.45 63.60
31.91 proc45 8.03 74.78
16.26 proc46 7.75 95.77
35.94 proc47 5.49 94.17
28.86 proc48 2.90 70.00
36.73 proc49 4.52 91.10
33.93 proc50 3.15 80.74
3.81 proc51 0.33 78.99
25.84 proc52 5.69 92.05
27.33 proc53 1.62 103.91
28.46 proc54 9.66 108.99
3.50 proc55 8.28 67.85
20.69 proc56 2.68 62.59
19.09 proc57 2.39 26.85
8.11 proc58 0.19 35.45
26.98 proc59 0.12 88.16
14.57 proc60 9.29 33.53
36.11 proc61 0.32 48.58
36.03 proc62 7.30 98.15
28.89 proc63 4.69 100.53
28.87 proc64 2.38 95.65
26.83 proc65 3.33 81.67
17.49 proc66 8.92 97.99
36.85 proc67 4.08 55.42
2.50 proc68 6.27 24.69
15.89 proc69 3.56 36.26
9.02 proc70 7.50 27.99
13.79 proc71 7.26 34.91
19.78 proc72 7.00 95.41
9.83 proc73 4.80 43.42
5.86 proc74 2.61 55.12
