36.26 proc0 0.30 61.38
7.40 proc1 9.23 18.99
26.56 proc2 0.32 29.04
4.37 proc3 2.32 41.14
20.63 proc4 1.79 97.33
31.95 proc5 6.07 56.07
29.37 proc6 5.73 53.50
14.20 proc7 5.03 24.42
30.85 proc8 5.28 93.58
35.18 proc9 4.48 86.27
5.77 proc10 4.28 58.88
18.01 proc11 6.28 67.35
19.18 proc12 3.46 68.12
20.24 proc13 4.64 87.80
0.23 proc14 0.21 1.80
0.19 proc15 8.85 55.89
9.10 proc16 6.79 30.69
18.17 proc17 0.62 71.30
20.73 proc18 8.96 46.82
12.07 proc19 8.47 71.26
35.07 proc20 0.03 42.91
22.16 proc21 4.90 81.96
6.41 proc22 0.08 12.31
28.84 proc23 5.55 75.01
22.89 proc24 5.62 70.73
23.55 proc25 5.67 62.82
9.67 proc26 8.12 27.30
16.98 proc27 3.04 34.20
5.88 proc28 8.64 20.93
14.33 proc29 1.90 86.18
2.35 proc30 1.38 73.89
6.20 proc31 7.37 45.47
33.28 proc32 9.10 74.89
36.16 proc33 6.90 117.20
19.19 proc34 3.08 63.54
3.03 proc35 9.45 21.23
19.60 proc36 2.06 91.35
24.29 proc37 6.65 48.39
31.29 proc38 8.24 46.78
34.46 proc39 2.11 58.08
31.96 proc40 2.75 66.58
29.58 proc41 4.42 46.16
8.31 proc42 3.42 17.16
24.35 proc43 3.19 84.71
23.93 proc44 8.38 37.60
7.28 proc45 9.20 17.64
11.61 proc46 4.49 32.73
8.99 proc47 1.06 76.56
17.60 proc48 9.51 80.42
21.17 proc49 8.83 99.15
31.79 proc50 7.47 54.00
10.51 proc51 5.46 63.88
16.51 proc52 7.71 97.75
19.19 proc53 4.29 45.94
10.39 proc54 0.75 21.44
13.00 proc55 2.72 19.98
13.58 proc56 5.86 57.38
21.78 proc57 8.29 75.95
17.60 proc58 3.04 62.87
6.90 proc59 8.77 49.09
4.01 proc60 7.36 25.78
11.28 proc61 0.20 66.84
34.92 proc62 4.66 77.73
34.20 proc63 9.85 114.35
8.28 proc64 2.65 11.89
13.35 proc65 6.17 40.90
15.45 proc66 9.84 90.61
34.18 proc67 5.72 92.37
19.81 proc68 0.48 20.59
3.64 proc69 2.34 72.02
20.13 proc70 3.43 69.77
27.25 proc71 6.48 81.41
17.56 proc72 5.91 31.11
36.38 proc73 5.16 48.02
34.06 proc74 7.39 67.84
