23.17 proc0 6.22 69.33
32.76 proc1 4.95 61.38
13.44 proc2 7.45 75.59
20.02 proc3 7.32 87.68
24.61 proc4 1.38 64.68
33.83 proc5 4.38 112.24
4.17 proc6 4.26 59.87
21.96 proc7 8.18 83.68
4.47 proc8 5.71 53.32
28.66 proc9 8.81 62.29
20.81 proc10 5.07 97.33
3.52 proc11 3.93 41.02
15.19 proc12 7.56 37.18
5.17 proc13 2.97 77.48
34.94 proc14 9.63 49.25
17.02 proc15 8.77 63.32
16.55 proc16 9.90 95.94
4.92 proc17 5.83 66.60
31.33 proc18 7.04 62.03
15.62 proc19 4.78 35.15
27.86 proc20 0.41 81.08
26.11 proc21 1.36 34.75
5.67 proc22 5.46 75.14
12.79 proc23 6.86 30.97
9.99 proc24 6.31 24.81
12.30 proc25 0.91 87.49
30.82 proc26 5.38 109.69
28.10 proc27 6.71 77.04
18.66 proc28 5.18 43.84
30.33 proc29 9.40 95.61
0.60 proc30 6.93 66.47
26.65 proc31 3.99 99.77
30.25 proc32 5.52 70.88
24.82 proc33 8.98 45.38
30.41 proc34 1.68 90.96
34.61 proc35 5.00 105.29
34.25 proc36 3.33 68.61
33.51 proc37 0.93 40.78
17.34 proc38 5.97 68.49
27.21 proc39 4.17 72.04
17.78 proc40 4.33 39.74
9.86 proc41 1.53 58.92
6.96 proc42 9.71 30.60
24.29 proc43 6.42 36.96
30.00 proc44 4.63 53.47
22.05 proc45 3.99 82.39
17.45 proc46 3.24 27.04
32.76 proc47 2.30 48.36
35.89 proc48 6.99 100.96
21.17 proc49 4.34 39.85
4.24 proc50 9.14 60.18
12.94 proc51 1.81 73.03
36.39 proc52 3.69 96.17
6.26 proc53 0.25 35.72
9.34 proc54 8.36 81.67
18.64 proc55 4.32 41.82
9.44 proc56 9.04 61.66
12.57 proc57 7.89 80.89
19.13 proc58 7.59 64.55
10.79 proc59 3.31 84.47
17.86 proc60 4.46 86.27
3.94 proc61 7.96 14.42
32.70 proc62 7.79 70.69
23.37 proc63 9.48 64.96
0.78 proc64 2.01 22.62
32.34 proc65 7.04 91.62
4.64 proc66 9.59 59.27
25.94 proc67 2.99 58.16
18.76 proc68 8.16 38.08
0.42 proc69 1.08 37.51
35.14 proc70 5.90 110.50
29.69 proc71 6.97 90.78
30.93 proc72 5.81 74.28
8.82 proc73 2.13 44.60
24.66 proc74 2.34 75.70
