33.96 proc0 1.85 76.72
36.47 proc1 1.63 107.03
24.72 proc2 2.17 83.58
17.18 proc3 2.76 28.39
6.35 proc4 3.93 83.19
26.36 proc5 8.42 57.72
2.93 proc6 7.30 51.05
22.77 proc7 8.27 73.40
9.99 proc8 9.61 28.45
27.87 proc9 8.38 65.68
5.33 proc10 7.55 56.17
25.51 proc11 7.41 88.40
22.52 proc12 4.09 98.35
13.49 proc13 8.73 39.65
17.66 proc14 0.45 65.01
16.63 proc15 7.57 59.21
27.95 proc16 8.37 51.11
11.08 proc17 4.52 17.39
31.98 proc18 7.22 113.10
36.35 proc19 4.75 102.82
13.87 proc20 6.19 63.42
35.22 proc21 3.09 62.24
25.59 proc22 9.18 89.36
23.98 proc23 2.82 71.89
32.58 proc24 7.60 88.63
18.72 proc25 2.09 51.06
35.99 proc26 9.64 63.63
6.28 proc27 2.64 60.83
7.17 proc28 1.28 39.50
6.62 proc29 1.11 74.43
0.07 proc30 4.86 43.08
21.46 proc31 4.38 87.15
33.27 proc32 1.29 89.69
23.20 proc33 7.77 32.27
8.44 proc34 6.58 73.29
32.35 proc35 1.64 107.93
10.27 proc36 1.36 82.91
19.15 proc37 3.06 38.29
7.75 proc38 5.00 38.47
23.07 proc39 6.79 63.89
18.98 proc40 6.81 96.23
0.80 proc41 2.61 31.67
31.05 proc42 1.60 70.60
21.25 proc43 7.87 50.38
21.89 proc44 0.15 92.65
13.63 proc45 8.89 30.42
13.11 proc46 1.67 32.91
11.28 proc47 6.85 59.22
19.21 proc48 8.94 31.75
31.90 proc49 5.18 91.60
11.68 proc50 0.31 42.58
9.44 proc51 0.52 60.12
23.38 proc52 8.91 94.46
5.10 proc53 4.65 55.96
15.59 proc54 0.57 63.50
13.43 proc55 4.25 56.73
17.32 proc56 7.80 76.70
26.27 proc57 0.85 55.04
9.54 proc58 6.04 35.57
11.32 proc59 4.66 74.79
1.22 proc60 7.82 70.14
16.31 proc61 0.37 81.69
4.06 proc62 6.69 67.60
34.73 proc63 8.07 59.56
20.52 proc64 2.28 43.83
6.87 proc65 5.91 65.72
26.14 proc66 0.59 63.15
14.58 proc67 7.69 65.05
28.36 proc68 0.27 41.69
1.22 proc69 3.33 52.55
30.23 proc70 3.66 65.52
23.38 proc71 8.06 65.83
18.46 proc72 9.16 37.14
9.51 proc73 8.55 88.07
17.78 proc74 4.09 33.98
