25.50 proc0 9.64 96.50
22.23 proc1 7.52 99.32
33.83 proc2 5.57 77.01
25.78 proc3 1.85 76.35
20.48 proc4 9.20 32.70
21.01 proc5 6.99 96.92
30.73 proc6 7.64 104.56
13.52 proc7 9.89 39.35
7.00 proc8 6.33 29.48
36.14 proc9 9.87 87.28
21.44 proc10 6.77 66.76
14.71 proc11 2.77 37.47
12.03 proc12 1.92 75.71
30.59 proc13 8.89 40.10
17.62 proc14 4.42 91.69
19.11 proc15 0.10 66.28
16.11 proc16 8.41 53.88
11.76 proc17 2.06 42.39
19.62 proc18 3.95 24.63
27.59 proc19 3.72 31.43
10.95 proc20 9.51 71.32
29.97 proc21 3.49 105.13
2.83 proc22 6.74 20.62
33.30 proc23 5.01 41.00
33.61 proc24 9.77 79.22
30.97 proc25 4.94 72.49
17.19 proc26 9.29 51.11
31.67 proc27 2.47 74.23
8.76 proc28 7.77 86.26
9.28 proc29 5.23 37.14
9.34 proc30 8.19 36.51
34.43 proc31 6.29 85.88
32.79 proc32 7.06 60.56
1.24 proc33 6.05 65.57
2.57 proc34 5.14 64.26
20.25 proc35 3.51 42.34
1.30 proc36 8.15 22.71
13.45 proc37 6.71 51.95
33.23 proc38 9.08 57.40
30.63 proc39 1.59 86.53
4.79 proc40 4.12 49.64
14.15 proc41 3.42 30.49
36.43 proc42 2.28 104.54
9.64 proc43 2.62 48.50
1.39 proc44 3.31 79.48
29.29 proc45 8.79 64.16
1.46 proc46 9.14 22.83
8.00 proc47 2.78 73.35
23.68 proc48 1.76 81.13
31.12 proc49 0.04 98.78
20.91 proc50 1.33 45.74
4.01 proc51 5.15 58.33
10.38 proc52 5.00 81.67
5.86 proc53 7.61 24.40
23.73 proc54 7.98 67.51
23.62 proc55 5.90 56.22
36.48 proc56 6.29 63.04
5.52 proc57 8.45 55.06
36.39 proc58 4.85 95.52
26.87 proc59 3.26 84.67
23.23 proc60 8.92 96.65
34.82 proc61 0.00 62.98
22.08 proc62 2.81 90.53
17.78 proc63 4.39 69.86
23.18 proc64 0.80 56.53
3.83 proc65 7.19 12.82
17.01 proc66 7.05 73.05
27.00 proc67 8.54 72.95
10.27 proc68 8.37 92.45
0.05 proc69 5.63 28.97
26.95 proc70 1.91 44.03
21.78 proc71 1.32 38.27
35.67 proc72 7.29 79.18
31.06 proc73 2.10 102.30
17.58 proc74 8.36 26.11
