33.55 proc0 2.93 68.35
8.96 proc1 1.24 38.04
23.58 proc2 1.51 71.23
13.59 proc3 2.09 88.95
13.21 proc4 0.30 15.63
18.08 proc5 0.69 52.77
26.59 proc6 5.95 72.66
17.61 proc7 9.03 61.47
24.09 proc8 1.01 73.62
13.73 proc9 1.83 30.02
30.20 proc10 0.90 67.55
8.92 proc11 3.32 58.01
22.65 proc12 9.69 89.48
8.41 proc13 3.36 84.59
7.56 proc14 6.93 14.53
8.61 proc15 1.82 15.62
25.38 proc16 9.00 84.21
8.17 proc17 3.76 54.51
25.35 proc18 0.27 75.78
12.29 proc19 3.99 80.14
19.42 proc20 2.15 92.14
0.41 proc21 4.56 25.41
22.99 proc22 0.68 41.78
14.18 proc23 2.95 60.45
13.11 proc24 5.00 38.41
13.13 proc25 7.32 54.38
15.69 proc26 4.18 46.34
3.27 proc27 6.39 64.36
24.27 proc28 3.24 84.28
12.02 proc29 6.57 30.25
6.52 proc30 1.81 36.11
4.34 proc31 1.93 68.22
14.42 proc32 8.14 89.62
23.35 proc33 1.97 39.54
7.72 proc34 5.52 64.93
17.74 proc35 9.06 58.41
34.48 proc36 3.30 100.77
10.53 proc37 4.19 50.65
0.52 proc38 0.75 61.52
28.52 proc39 4.00 67.02
34.28 proc40 5.76 88.14
10.98 proc41 6.93 80.46
4.54 proc42 0.83 53.97
0.63 proc43 7.14 71.16
7.64 proc44 9.23 46.62
33.14 proc45 4.02 59.89
11.73 proc46 3.34 62.58
5.81 proc47 6.19 15.91
23.53 proc48 6.33 39.38
16.26 proc49 4.04 59.79
33.27 proc50 3.30 44.27
20.01 proc51 6.27 85.96
13.86 proc52 7.50 87.27
0.83 proc53 7.67 52.98
32.11 proc54 9.73 80.54
9.79 proc55 8.69 87.35
21.00 proc56 1.86 41.79
7.44 proc57 3.43 76.22
9.37 proc58 9.79 56.98
14.07 proc59 4.18 86.37
33.55 proc60 3.17 54.62
0.35 proc61 8.58 73.85
29.79 proc62 2.33 78.27
25.31 proc63 2.55 56.52
10.25 proc64 1.23 38.13
29.34 proc65 3.88 50.02
26.32 proc66 9.55 66.61
35.66 proc67 1.56 93.67
30.90 proc68 4.09 89.85
12.56 proc69 7.89 31.68
9.17 proc70 6.96 51.15
18.00 proc71 7.05 49.43
13.03 proc72 5.11 59.97
35.80 proc73 1.94 98.72
12.94 proc74 4.71 87.86
