12.47 proc0 9.42 31.91
19.20 proc1 8.56 46.66
21.36 proc2 8.26 92.18
25.94 proc3 2.40 74.90
16.91 proc4 7.29 98.44
11.88 proc5 2.85 52.57
17.94 proc6 7.31 86.52
6.87 proc7 7.01 84.33
2.26 proc8 0.02 37.84
5.32 proc9 0.34 38.15
9.96 proc10 3.71 41.80
14.90 proc11 8.90 41.11
24.23 proc12 4.67 33.16
18.09 proc13 1.69 42.04
4.06 proc14 6.26 12.22
3.69 proc15 9.47 36.47
22.36 proc16 4.32 29.81
15.58 proc17 6.17 77.46
13.33 proc18 6.79 76.01
30.87 proc19 8.22 97.56
9.90 proc20 0.92 22.12
23.78 proc21 4.94 31.78
32.32 proc22 1.49 71.92
34.41 proc23 6.38 91.55
8.40 proc24 7.48 38.56
9.34 proc25 8.48 36.50
20.84 proc26 4.52 76.42
22.38 proc27 8.73 53.48
12.87 proc28 2.33 88.46
3.44 proc29 0.68 64.05
32.28 proc30 3.35 102.43
0.86 proc31 9.78 39.51
2.37 proc32 8.51 50.94
21.17 proc33 7.81 41.91
9.21 proc34 0.08 78.32
20.40 proc35 2.61 80.60
29.62 proc36 8.24 54.34
17.82 proc37 4.29 29.06
28.85 proc38 7.77 61.07
27.99 proc39 8.70 66.22
20.56 proc40 7.42 82.66
16.51 proc41 7.66 77.19
30.75 proc42 8.30 80.92
13.52 proc43 4.02 43.02
19.89 proc44 6.51 52.52
16.94 proc45 2.02 64.64
8.35 proc46 0.03 40.86
16.48 proc47 4.85 85.98
19.91 proc48 2.64 70.47
31.97 proc49 0.21 70.33
9.54 proc50 5.77 34.13
36.51 proc51 0.23 37.98
25.67 proc52 8.54 97.67
9.33 proc53 2.19 30.13
21.90 proc54 7.57 96.89
34.78 proc55 2.15 44.54
20.32 proc56 4.41 32.56
36.34 proc57 8.86 89.38
31.23 proc58 4.25 99.48
17.87 proc59 2.89 86.33
36.69 proc60 5.47 75.98
8.97 proc61 5.33 49.85
9.58 proc62 2.27 36.46
3.89 proc63 4.79 49.75
13.07 proc64 0.71 36.63
9.33 proc65 0.11 48.42
13.08 proc66 5.60 90.73
16.95 proc67 5.43 85.89
1.74 proc68 3.87 25.96
33.31 proc69 8.70 84.02
28.67 proc70 8.61 45.28
8.35 proc71 1.04 57.39
25.89 proc72 3.63 94.56
1.03 proc73 4.68 31.69
21.29 proc74 8.21 60.82
