35.88 proc0 2.54 83.59
8.40 proc1 8.55 88.18
24.92 proc2 4.12 48.81
34.96 proc3 6.12 94.06
16.79 proc4 9.69 73.91
16.50 proc5 0.81 21.82
22.53 proc6 8.27 87.41
5.48 proc7 6.87 42.38
23.96 proc8 8.46 59.49
27.64 proc9 6.86 91.92
2.64 proc10 6.56 10.65
24.92 proc11 8.83 99.33
23.06 proc12 5.56 50.12
32.82 proc13 5.01 105.23
21.95 proc14 9.55 96.55
8.35 proc15 4.01 83.50
10.58 proc16 0.10 68.83
1.51 proc17 1.58 37.76
16.32 proc18 8.05 47.52
29.68 proc19 5.52 109.81
21.01 proc20 6.24 76.04
21.73 proc21 2.97 64.70
17.08 proc22 9.20 33.02
27.69 proc23 8.07 80.10
23.94 proc24 4.01 68.91
19.03 proc25 6.26 96.33
17.12 proc26 9.12 98.03
8.81 proc27 9.53 26.96
25.92 proc28 3.94 98.88
0.34 proc29 1.96 37.73
0.14 proc30 7.64 14.98
24.21 proc31 3.51 57.22
6.95 proc32 8.13 38.61
10.27 proc33 5.61 24.97
32.15 proc34 2.08 73.36
15.36 proc35 7.22 33.68
13.41 proc36 1.85 19.77
11.82 proc37 4.23 17.03
16.07 proc38 1.24 47.84
13.12 proc39 1.33 59.69
30.60 proc40 1.37 59.52
34.16 proc41 7.91 95.96
11.70 proc42 9.79 61.36
23.31 proc43 2.57 32.83
27.79 proc44 1.26 51.61
10.09 proc45 5.41 17.24
15.57 proc46 9.03 40.22
17.79 proc47 2.23 67.39
18.27 proc48 6.57 81.50
33.33 proc49 0.12 100.07
18.65 proc50 8.39 28.92
32.24 proc51 7.62 101.08
21.83 proc52 0.78 82.26
4.50 proc53 7.08 15.48
7.93 proc54 4.59 25.84
19.06 proc55 7.32 80.25
19.92 proc56 1.53 68.05
27.62 proc57 6.34 97.26
13.99 proc58 1.27 52.84
4.94 proc59 0.28 43.67
0.81 proc60 5.33 32.48
1.74 proc61 4.04 14.26
31.93 proc62 9.94 56.23
24.36 proc63 1.16 92.98
26.28 proc64 3.30 56.49
32.85 proc65 8.45 48.11
22.43 proc66 3.83 44.53
8.42 proc67 1.30 75.51
2.65 proc68 5.08 8.07
21.18 proc69 6.42 30.07
3.15 proc70 6.63 52.20
16.15 proc71 7.10 95.96
20.34 proc72 5.73 98.34
27.42 proc73 2.32 35.67
23.70 proc74 9.42 63.80
