1.65 proc0 8.75 19.32
15.45 proc1 6.84 33.26
10.04 proc2 8.49 41.37
10.24 proc3 1.90 35.29
35.12 proc4 4.67 41.94
19.28 proc5 8.74 78.97
0.61 proc6 9.18 43.56
5.97 proc7 6.83 56.13
15.14 proc8 6.01 52.52
24.46 proc9 5.66 94.29
25.27 proc10 6.11 86.16
29.67 proc11 0.28 61.03
35.08 proc12 3.00 57.82
9.35 proc13 5.76 49.14
20.77 proc14 5.25 95.08
21.83 proc15 0.47 81.93
9.96 proc16 0.63 64.10
26.61 proc17 2.24 58.59
10.99 proc18 6.34 92.15
26.47 proc19 2.95 71.70
21.12 proc20 9.78 43.99
11.15 proc21 7.79 34.16
26.49 proc22 7.27 71.44
36.23 proc23 9.80 51.93
16.01 proc24 5.41 66.73
13.08 proc25 1.31 63.20
5.51 proc26 4.00 63.04
31.91 proc27 1.20 103.46
9.57 proc28 4.17 56.61
9.48 proc29 1.32 75.78
30.35 proc30 7.03 100.67
36.81 proc31 0.04 83.60
7.31 proc32 7.20 40.82
25.90 proc33 6.99 57.70
28.81 proc34 1.32 95.54
14.16 proc35 4.86 19.27
1.24 proc36 6.34 37.86
27.65 proc37 4.97 71.86
25.36 proc38 7.55 103.41
9.51 proc39 0.12 15.03
4.56 proc40 8.32 71.00
35.79 proc41 8.27 102.49
21.85 proc42 0.24 59.54
34.83 proc43 7.24 56.95
10.07 proc44 5.03 39.88
5.33 proc45 8.86 75.39
5.46 proc46 9.19 48.43
20.39 proc47 6.67 98.10
2.76 proc48 3.52 58.97
0.54 proc49 6.09 60.21
3.20 proc50 7.32 51.50
31.87 proc51 6.99 66.85
23.70 proc52 2.90 56.41
5.17 proc53 2.31 16.63
12.52 proc54 5.03 64.43
24.74 proc55 6.47 69.54
17.93 proc56 7.95 58.16
34.60 proc57 3.46 45.33
32.64 proc58 4.20 70.51
21.64 proc59 4.35 30.32
11.07 proc60 5.22 75.53
31.29 proc61 3.83 71.81
8.09 proc62 0.24 66.76
22.80 proc63 1.63 25.19
27.31 proc64 5.02 70.82
13.44 proc65 1.70 27.18
32.35 proc66 6.55 110.54
11.27 proc67 5.90 39.77
14.86 proc68 4.72 73.72
31.47 proc69 0.57 43.80
33.61 proc70 3.56 88.05
25.83 proc71 2.02 32.45
6.93 proc72 4.21 17.51
35.76 proc73 0.37 54.76
36.13 proc74 7.75 100.14
