2.01 proc0 7.69 65.09
24.40 proc1 2.25 78.65
29.59 proc2 4.17 67.12
32.23 proc3 2.60 68.15
9.63 proc4 3.34 85.93
8.91 proc5 6.51 55.38
13.76 proc6 0.57 48.95
29.39 proc7 6.10 49.12
19.26 proc8 4.65 90.97
1.28 proc9 7.24 50.67
0.04 proc10 7.78 32.61
27.36 proc11 4.38 73.39
16.01 proc12 2.37 91.32
32.47 proc13 1.08 51.02
11.90 proc14 3.69 58.10
10.90 proc15 6.09 33.31
30.61 proc16 9.81 61.04
10.69 proc17 7.76 84.79
17.42 proc18 2.96 46.58
13.50 proc19 3.31 22.28
34.30 proc20 3.32 101.42
9.53 proc21 0.71 31.87
30.08 proc22 5.04 74.54
29.06 proc23 3.81 80.43
0.68 proc24 7.03 7.92
21.65 proc25 9.98 77.54
29.70 proc26 8.25 82.45
2.87 proc27 1.14 31.67
35.61 proc28 5.85 91.31
11.53 proc29 9.50 95.69
14.23 proc30 8.77 47.54
8.71 proc31 1.34 39.93
19.38 proc32 9.47 96.52
1.83 proc33 7.33 30.44
25.29 proc34 7.51 106.82
25.39 proc35 3.36 102.60
11.04 proc36 1.39 73.15
32.99 proc37 2.17 104.43
9.63 proc38 1.79 49.55
34.23 proc39 4.91 73.49
34.06 proc40 8.75 67.92
9.17 proc41 1.11 45.45
23.91 proc42 6.34 61.47
20.29 proc43 6.84 38.30
30.79 proc44 3.67 101.97
30.31 proc45 0.53 48.57
29.74 proc46 3.52 61.42
22.70 proc47 2.43 69.56
19.88 proc48 5.03 82.78
1.69 proc49 4.28 25.65
18.64 proc50 3.49 32.46
31.03 proc51 5.97 55.64
11.38 proc52 2.43 80.04
26.78 proc53 7.91 77.21
32.29 proc54 6.24 108.58
28.59 proc55 4.43 107.08
0.33 proc56 2.47 28.23
14.22 proc57 8.60 66.50
36.14 proc58 3.98 46.54
27.68 proc59 4.43 70.68
0.39 proc60 9.47 74.59
5.49 proc61 7.86 47.83
14.68 proc62 0.93 68.31
10.36 proc63 8.17 55.57
31.33 proc64 6.90 47.04
28.89 proc65 4.62 75.53
28.43 proc66 4.71 93.66
3.98 proc67 8.55 62.58
25.53 proc68 8.32 38.71
28.70 proc69 5.80 72.61
10.72 proc70 5.91 50.78
5.66 proc71 7.39 31.12
22.67 proc72 1.36 49.10
11.67 proc73 4.16 27.16
29.94 proc74 2.62 95.62
