10.12 proc0 5.98 42.17
11.19 proc1 5.97 65.13
0.93 proc2 5.12 48.14
1.65 proc3 2.85 25.09
21.01 proc4 9.44 65.25
6.15 proc5 0.21 49.18
28.33 proc6 3.89 41.06
33.75 proc7 0.25 104.33
18.17 proc8 9.35 52.27
34.77 proc9 4.22 92.16
9.26 proc10 6.96 39.25
22.12 proc11 9.98 99.89
8.78 proc12 0.23 40.19
29.54 proc13 0.68 82.76
2.71 proc14 6.36 57.37
19.88 proc15 8.02 77.80
4.00 proc16 5.67 13.79
8.36 proc17 4.80 19.16
6.06 proc18 9.71 16.88
18.27 proc19 9.10 60.14
7.50 proc20 1.61 19.04
18.86 proc21 7.58 36.23
15.30 proc22 9.96 36.80
30.69 proc23 7.94 55.25
19.60 proc24 8.67 92.57
6.44 proc25 4.04 59.90
31.06 proc26 5.13 53.15
33.08 proc27 7.39 93.41
36.04 proc28 9.02 95.80
36.60 proc29 3.96 84.57
15.76 proc30 5.99 77.82
20.67 proc31 1.08 59.69
25.50 proc32 5.22 68.34
31.19 proc33 3.51 56.88
2.39 proc34 8.81 23.43
34.11 proc35 0.55 77.22
21.48 proc36 8.95 36.45
29.86 proc37 7.89 99.16
18.97 proc38 7.63 80.70
7.00 proc39 7.52 23.33
28.72 proc40 1.78 84.21
19.37 proc41 7.37 88.59
1.09 proc42 4.26 31.35
19.65 proc43 2.69 74.70
30.59 proc44 3.33 77.39
36.63 proc45 2.55 86.78
20.62 proc46 8.36 68.68
23.59 proc47 6.42 53.87
16.89 proc48 1.55 24.52
6.58 proc49 3.44 72.50
10.93 proc50 1.20 12.96
0.43 proc51 6.44 62.93
30.94 proc52 6.74 50.66
6.77 proc53 2.05 41.94
32.60 proc54 0.32 91.03
17.04 proc55 0.22 19.48
3.53 proc56 5.79 74.21
23.11 proc57 2.17 63.36
34.88 proc58 6.73 91.33
0.87 proc59 8.51 9.94
31.69 proc60 1.47 42.75
32.10 proc61 1.58 91.58
22.76 proc62 9.94 66.12
29.16 proc63 1.77 79.72
8.50 proc64 0.58 60.25
0.17 proc65 5.19 58.14
1.27 proc66 6.14 28.62
33.28 proc67 2.39 73.13
15.07 proc68 1.81 29.84
2.60 proc69 2.05 6.45
2.87 proc70 0.62 16.28
7.60 proc71 9.29 41.55
36.16 proc72 5.44 65.85
15.65 proc73 3.32 56.52
2.71 proc74 5.62 50.26
