23.64 proc0 9.00 52.74
13.39 proc1 0.66 44.42
33.73 proc2 8.68 42.69
26.64 proc3 8.56 77.79
28.72 proc4 3.53 99.33
31.12 proc5 4.68 49.44
29.95 proc6 1.77 46.15
31.24 proc7 6.40 105.21
30.57 proc8 7.61 38.23
0.07 proc9 1.53 54.86
6.51 proc10 7.92 60.22
16.43 proc11 1.53 68.70
31.41 proc12 0.65 72.92
31.55 proc13 7.85 69.47
15.56 proc14 5.61 77.70
11.65 proc15 4.02 32.31
18.38 proc16 2.12 50.44
25.49 proc17 0.56 29.01
21.83 proc18 8.82 90.66
21.86 proc19 8.84 102.14
11.14 proc20 0.60 67.55
33.73 proc21 5.04 106.08
21.76 proc22 3.53 97.48
4.92 proc23 2.06 63.05
19.75 proc24 6.26 49.19
10.64 proc25 9.41 73.41
18.85 proc26 4.38 92.49
33.62 proc27 1.27 108.37
35.07 proc28 7.17 106.90
27.68 proc29 3.08 86.72
25.92 proc30 6.09 92.49
16.45 proc31 5.21 44.95
12.66 proc32 1.09 63.52
11.27 proc33 2.42 78.89
1.93 proc34 7.76 46.86
13.36 proc35 0.63 46.75
2.69 proc36 5.72 74.01
36.86 proc37 4.81 41.78
36.11 proc38 4.29 94.28
31.01 proc39 1.77 34.74
21.62 proc40 8.78 78.02
14.46 proc41 3.22 29.35
25.95 proc42 6.64 52.42
13.51 proc43 9.69 61.15
8.67 proc44 0.21 30.01
27.01 proc45 3.82 56.69
6.18 proc46 4.55 79.52
1.54 proc47 4.51 35.92
1.59 proc48 4.27 67.91
28.17 proc49 2.65 31.15
29.14 proc50 8.49 103.78
15.64 proc51 2.40 33.35
21.39 proc52 9.41 95.93
31.18 proc53 3.06 97.02
12.90 proc54 5.40 82.66
23.32 proc55 2.71 44.04
36.08 proc56 4.37 92.56
33.02 proc57 4.79 48.73
10.75 proc58 5.22 58.89
4.37 proc59 2.83 69.97
4.53 proc60 0.71 56.68
0.17 proc61 4.94 74.50
7.72 proc62 0.72 73.41
2.85 proc63 9.14 24.91
33.83 proc64 2.63 89.90
28.57 proc65 8.93 111.24
0.46 proc66 8.68 40.68
26.17 proc67 7.61 101.24
31.56 proc68 0.51 63.68
15.73 proc69 1.69 70.30
9.69 proc70 2.92 70.81
35.07 proc71 2.97 58.25
32.30 proc72 5.05 62.96
27.36 proc73 5.82 52.37
33.73 proc74 4.97 77.61
