31.56 proc0 3.39 91.81
28.43 proc1 9.01 97.79
22.74 proc2 9.00 105.29
29.82 proc3 3.17 52.77
28.88 proc4 1.05 63.12
2.04 proc5 0.73 67.88
31.72 proc6 8.84 66.04
31.03 proc7 1.46 36.74
25.74 proc8 8.88 69.57
1.64 proc9 7.19 58.21
4.39 proc10 5.72 84.94
32.44 proc11 3.40 103.26
25.21 proc12 9.55 94.69
24.50 proc13 7.61 40.84
34.25 proc14 5.41 56.24
13.63 proc15 5.96 41.67
8.74 proc16 4.54 26.68
21.31 proc17 2.92 48.55
23.40 proc18 9.88 49.20
3.64 proc19 0.33 73.77
28.00 proc20 1.51 67.19
27.92 proc21 0.28 91.36
24.18 proc22 7.09 91.03
16.75 proc23 3.71 62.26
21.06 proc24 2.97 31.41
29.24 proc25 6.66 88.00
3.13 proc26 9.02 23.28
9.74 proc27 4.78 47.57
21.74 proc28 1.10 55.01
29.59 proc29 2.09 66.28
27.02 proc30 9.66 82.63
8.61 proc31 7.20 63.86
2.77 proc32 3.74 32.76
32.25 proc33 8.27 94.63
15.87 proc34 3.96 21.23
19.50 proc35 1.86 72.69
8.21 proc36 2.71 54.88
13.69 proc37 5.34 23.83
30.00 proc38 1.22 44.28
8.87 proc39 9.22 46.81
25.94 proc40 6.52 58.61
11.61 proc41 8.85 25.63
35.31 proc42 9.59 78.12
11.26 proc43 8.31 39.78
0.95 proc44 2.60 53.46
1.65 proc45 7.87 73.39
26.97 proc46 0.09 36.25
11.66 proc47 3.79 64.70
14.02 proc48 1.89 74.31
20.47 proc49 4.29 77.27
34.64 proc50 1.30 62.35
10.54 proc51 4.44 32.73
13.09 proc52 3.98 31.77
29.48 proc53 7.02 38.52
2.45 proc54 7.28 31.22
27.08 proc55 7.73 40.29
21.59 proc56 5.02 32.73
26.12 proc57 8.17 68.82
13.42 proc58 1.96 64.12
5.23 proc59 7.49 18.64
31.14 proc60 6.85 53.67
7.17 proc61 9.70 65.83
15.92 proc62 3.24 22.99
23.17 proc63 1.21 80.88
24.17 proc64 1.87 62.15
34.76 proc65 9.19 63.02
0.47 proc66 5.02 62.19
3.50 proc67 2.08 48.52
20.53 proc68 5.71 83.85
7.57 proc69 7.12 53.46
10.50 proc70 5.54 31.17
18.23 proc71 7.47 38.58
5.39 proc72 1.78 44.32
7.28 proc73 8.04 61.51
35.15 proc74 4.57 99.93
