18.14 proc0 4.24 93.85
16.39 proc1 4.64 64.62
9.16 proc2 6.01 28.08
26.42 proc3 3.03 36.82
32.22 proc4 5.46 71.20
3.18 proc5 8.84 56.94
24.16 proc6 2.12 83.41
0.80 proc7 9.30 23.52
16.70 proc8 8.93 81.74
12.29 proc9 6.06 80.96
36.40 proc10 0.97 56.76
34.65 proc11 5.39 94.26
19.16 proc12 7.87 51.33
25.53 proc13 5.01 77.55
29.16 proc14 3.72 45.87
8.70 proc15 4.58 17.53
30.86 proc16 1.11 52.14
22.05 proc17 1.32 38.28
28.67 proc18 5.83 41.36
19.35 proc19 9.16 80.83
13.24 proc20 8.99 81.80
22.81 proc21 8.36 56.19
12.56 proc22 3.54 25.13
24.54 proc23 0.43 71.59
10.74 proc24 8.32 93.55
17.15 proc25 0.67 51.63
19.25 proc26 9.01 70.36
29.20 proc27 4.97 86.17
36.55 proc28 2.72 60.04
2.93 proc29 7.95 25.32
28.75 proc30 1.53 37.15
21.13 proc31 7.69 98.39
33.47 proc32 1.09 55.65
0.93 proc33 7.72 33.00
23.93 proc34 0.62 36.27
23.68 proc35 5.26 45.66
3.36 proc36 0.46 13.11
24.13 proc37 8.35 79.04
12.79 proc38 8.23 87.97
23.04 proc39 9.02 83.62
30.16 proc40 6.79 99.97
33.55 proc41 2.50 81.77
30.87 proc42 1.55 86.28
4.28 proc43 1.80 42.83
16.29 proc44 8.27 65.98
22.07 proc45 4.67 32.58
30.32 proc46 5.58 45.18
34.90 proc47 2.10 108.91
20.87 proc48 5.56 85.06
16.90 proc49 1.79 69.98
5.33 proc50 9.94 42.51
36.42 proc51 9.01 91.44
21.97 proc52 7.35 86.97
11.54 proc53 8.51 91.21
29.68 proc54 2.91 90.78
13.11 proc55 8.87 40.20
15.99 proc56 7.06 83.12
20.58 proc57 6.50 27.89
19.05 proc58 2.14 63.70
10.98 proc59 6.70 73.59
36.29 proc60 8.15 99.86
12.73 proc61 7.99 68.69
35.43 proc62 3.93 67.45
26.86 proc63 7.05 50.80
24.97 proc64 5.07 68.73
16.68 proc65 8.61 55.51
25.67 proc66 2.94 36.81
18.30 proc67 8.50 83.73
18.70 proc68 3.65 95.32
2.67 proc69 6.61 57.54
30.25 proc70 6.42 71.02
20.60 proc71 9.86 49.72
7.27 proc72 9.43 65.42
21.13 proc73 6.69 54.41
29.46 proc74 3.44 97.50
