28.90 proc0 9.87 73.59
1.56 proc1 6.31 21.60
20.39 proc2 5.73 78.38
5.02 proc3 8.46 81.31
13.88 proc4 3.01 84.45
32.62 proc5 7.86 109.12
22.80 proc6 5.16 36.74
1.46 proc7 9.38 50.34
3.54 proc8 2.82 65.41
11.28 proc9 0.61 41.30
20.64 proc10 8.42 57.48
0.83 proc11 8.84 10.44
7.60 proc12 4.35 55.69
33.38 proc13 5.70 71.31
29.85 proc14 9.45 94.07
26.17 proc15 8.27 73.20
23.04 proc16 4.43 29.89
27.37 proc17 4.83 104.93
9.86 proc18 5.78 34.51
1.99 proc19 8.83 34.24
16.50 proc20 4.41 32.45
30.52 proc21 4.64 37.97
30.91 proc22 6.69 73.01
15.49 proc23 5.71 24.39
31.38 proc24 3.78 109.26
21.40 proc25 0.85 83.38
3.52 proc26 7.08 29.97
4.72 proc27 4.48 64.77
3.60 proc28 7.14 34.70
12.91 proc29 7.68 35.79
24.46 proc30 2.14 74.90
30.16 proc31 0.39 38.61
31.54 proc32 8.74 98.52
12.02 proc33 2.92 41.03
13.59 proc34 1.41 69.42
13.14 proc35 7.19 81.16
6.30 proc36 8.14 53.36
15.85 proc37 9.42 97.76
6.27 proc38 0.39 57.71
18.09 proc39 3.88 55.60
25.59 proc40 0.49 75.74
12.42 proc41 8.64 73.61
16.40 proc42 7.17 66.66
8.13 proc43 0.41 73.58
21.00 proc44 4.09 25.67
10.85 proc45 7.64 73.00
3.86 proc46 9.34 53.78
23.06 proc47 3.62 62.90
21.82 proc48 5.32 66.29
10.01 proc49 0.21 78.46
26.60 proc50 7.13 105.65
14.09 proc51 0.48 76.31
3.02 proc52 4.91 48.41
24.28 proc53 7.11 74.98
19.36 proc54 2.79 96.38
19.65 proc55 5.72 81.88
9.54 proc56 6.76 67.87
29.57 proc57 2.99 36.30
10.43 proc58 8.89 62.96
29.75 proc59 1.59 76.54
26.41 proc60 8.78 58.83
24.90 proc61 2.59 54.74
18.35 proc62 3.41 85.86
1.32 proc63 9.97 53.72
22.82 proc64 5.20 91.35
22.44 proc65 0.51 54.17
13.32 proc66 3.09 23.33
1.76 proc67 1.08 32.20
3.61 proc68 3.90 28.55
25.14 proc69 1.94 60.07
10.43 proc70 9.08 43.38
22.09 proc71 5.81 71.21
35.54 proc72 0.77 105.17
30.16 proc73 1.13 99.92
14.09 proc74 7.30 54.04
