36.93 proc0 8.13 50.35
6.77 proc1 10.00 26.19
10.13 proc2 6.63 77.43
29.82 proc3 8.66 55.68
25.13 proc4 9.05 100.57
29.69 proc5 6.50 107.08
0.18 proc6 8.40 65.84
5.57 proc7 3.44 66.81
2.15 proc8 2.42 57.72
7.39 proc9 7.47 54.01
29.40 proc10 7.46 61.98
32.01 proc11 9.28 66.40
36.66 proc12 2.02 113.52
29.59 proc13 0.08 94.42
1.07 proc14 6.87 65.54
33.83 proc15 4.90 70.08
31.80 proc16 4.95 56.09
23.05 proc17 6.45 74.65
14.56 proc18 7.03 84.86
3.78 proc19 9.03 57.14
23.10 proc20 6.98 55.31
35.49 proc21 5.63 60.99
10.88 proc22 5.54 51.46
10.79 proc23 3.53 50.00
5.74 proc24 3.82 21.79
34.15 proc25 2.97 86.08
12.61 proc26 1.56 25.25
22.16 proc27 7.79 89.41
7.43 proc28 1.72 46.37
1.64 proc29 2.75 34.34
23.51 proc30 8.99 39.79
35.96 proc31 8.58 94.05
8.76 proc32 1.52 26.32
26.05 proc33 4.44 73.03
6.65 proc34 5.99 83.85
12.68 proc35 5.22 36.35
36.84 proc36 8.63 75.61
5.30 proc37 4.61 23.46
34.64 proc38 6.62 67.73
16.00 proc39 7.07 70.12
30.78 proc40 3.42 73.66
34.38 proc41 3.14 66.32
21.80 proc42 5.50 67.51
29.72 proc43 2.55 105.74
13.70 proc44 4.34 61.42
11.83 proc45 7.77 27.10
20.93 proc46 7.73 100.85
35.80 proc47 9.16 76.76
5.49 proc48 8.52 20.46
18.54 proc49 2.85 80.84
4.75 proc50 1.17 16.01
24.22 proc51 0.46 58.29
1.43 proc52 6.35 82.68
21.26 proc53 4.38 44.64
20.51 proc54 8.09 80.15
4.91 proc55 1.28 41.02
8.61 proc56 6.94 33.33
7.22 proc57 6.62 25.32
22.91 proc58 8.10 31.40
26.09 proc59 3.11 50.95
18.42 proc60 4.40 53.31
23.40 proc61 0.94 58.26
2.98 proc62 1.33 10.86
2.93 proc63 7.08 49.42
12.30 proc64 2.62 39.97
0.73 proc65 3.95 39.36
17.91 proc66 6.27 35.93
26.69 proc67 8.23 96.28
32.35 proc68 4.42 83.89
32.54 proc69 1.47 104.46
6.27 proc70 6.45 41.14
21.31 proc71 2.77 59.56
1.04 proc72 3.58 50.07
4.27 proc73 4.37 32.16
23.72 proc74 7.69 74.57
