15.68 proc0 0.75 66.17
26.76 proc1 1.99 63.56
7.09 proc2 2.80 76.90
1.96 proc3 8.39 66.23
17.62 proc4 2.52 88.56
15.72 proc5 6.08 70.89
34.28 proc6 8.58 46.54
27.35 proc7 7.39 84.31
32.22 proc8 3.08 79.09
4.26 proc9 4.75 15.45
16.61 proc10 8.98 37.67
4.14 proc11 6.22 37.38
21.31 proc12 8.13 77.46
17.37 proc13 8.66 61.99
7.94 proc14 3.43 66.20
4.69 proc15 7.67 37.82
28.91 proc16 6.94 50.63
30.73 proc17 4.33 105.30
18.18 proc18 3.04 39.56
2.78 proc19 4.19 60.91
5.96 proc20 8.68 60.96
11.92 proc21 9.80 39.67
25.25 proc22 5.56 34.77
11.94 proc23 0.25 81.14
29.68 proc24 2.40 51.72
19.74 proc25 3.67 25.61
32.30 proc26 1.48 88.02
2.59 proc27 9.78 24.11
0.24 proc28 4.70 39.47
9.29 proc29 5.45 80.70
35.90 proc30 7.06 99.00
21.75 proc31 0.28 76.56
30.60 proc32 7.11 58.93
32.56 proc33 0.33 56.01
29.57 proc34 8.36 79.03
2.26 proc35 3.69 74.55
3.35 proc36 2.42 10.45
30.12 proc37 3.12 36.28
35.91 proc38 3.18 77.35
15.94 proc39 5.70 25.76
11.48 proc40 5.40 73.95
2.13 proc41 1.28 62.59
29.03 proc42 9.55 76.07
2.50 proc43 8.35 50.85
13.91 proc44 6.34 47.92
34.19 proc45 6.95 96.49
31.02 proc46 7.86 112.37
33.33 proc47 6.00 61.21
34.83 proc48 5.70 86.29
16.71 proc49 0.01 30.19
18.75 proc50 3.11 75.81
9.90 proc51 3.69 77.11
2.10 proc52 1.53 63.76
20.60 proc53 2.21 70.54
3.33 proc54 5.97 29.58
16.99 proc55 5.21 94.60
7.29 proc56 3.59 67.23
6.54 proc57 2.60 35.47
17.34 proc58 2.02 88.43
2.91 proc59 6.53 78.60
9.56 proc60 1.60 28.65
36.18 proc61 4.28 85.61
30.51 proc62 4.84 92.02
23.18 proc63 0.41 96.83
9.72 proc64 1.31 54.04
19.73 proc65 5.90 32.70
18.45 proc66 7.87 60.35
9.24 proc67 9.64 72.43
22.23 proc68 4.33 95.23
19.31 proc69 5.11 67.10
16.42 proc70 7.70 78.80
25.05 proc71 7.48 44.28
10.33 proc72 5.72 64.13
1.28 proc73 1.99 54.44
0.41 proc74 4.61 66.04
