2.55 proc0 1.65 31.36
15.07 proc1 7.69 41.14
12.41 proc2 4.90 61.57
17.52 proc3 3.36 64.82
21.49 proc4 2.07 92.87
35.96 proc5 9.35 74.91
8.91 proc6 7.07 89.65
16.41 proc7 0.49 76.65
24.08 proc8 8.44 98.74
15.92 proc9 4.01 78.67
31.26 proc10 4.70 107.09
7.66 proc11 8.77 70.23
16.73 proc12 2.12 34.37
1.57 proc13 6.86 49.13
23.24 proc14 2.67 82.16
20.44 proc15 2.39 74.23
35.04 proc16 4.79 69.23
34.38 proc17 9.23 76.72
26.86 proc18 5.73 54.02
22.53 proc19 0.04 74.04
14.51 proc20 8.48 34.69
12.61 proc21 0.55 15.62
2.15 proc22 5.07 25.59
9.81 proc23 5.50 85.11
29.89 proc24 1.78 46.47
20.64 proc25 7.30 60.64
9.00 proc26 6.77 84.41
23.50 proc27 6.07 92.42
2.83 proc28 3.33 37.02
13.40 proc29 9.41 53.95
1.80 proc30 3.34 24.91
7.56 proc31 6.74 38.24
8.78 proc32 7.33 78.09
17.84 proc33 9.98 56.04
15.27 proc34 8.05 64.90
22.58 proc35 3.63 47.55
1.71 proc36 6.06 79.91
35.57 proc37 2.42 80.61
29.57 proc38 3.18 100.32
7.80 proc39 6.80 77.78
23.16 proc40 7.29 43.65
32.91 proc41 9.33 106.03
7.72 proc42 1.71 53.15
1.30 proc43 6.53 51.38
15.22 proc44 0.66 44.84
35.73 proc45 6.76 98.69
9.26 proc46 7.22 43.16
7.84 proc47 6.83 59.48
28.87 proc48 4.82 102.36
25.21 proc49 6.93 76.83
19.37 proc50 3.19 46.93
25.89 proc51 2.09 47.35
20.36 proc52 4.17 56.70
4.93 proc53 4.52 15.58
26.41 proc54 8.64 46.10
3.70 proc55 8.29 73.72
31.43 proc56 0.80 73.09
7.59 proc57 2.92 27.61
29.69 proc58 0.72 83.70
26.57 proc59 7.53 64.39
11.61 proc60 2.77 68.61
23.64 proc61 9.77 103.28
33.19 proc62 5.27 64.64
12.06 proc63 6.60 78.78
15.09 proc64 3.74 68.73
20.54 proc65 4.74 62.39
13.99 proc66 3.23 60.31
34.15 proc67 5.28 104.39
5.59 proc68 3.31 79.26
31.88 proc69 0.49 84.22
9.82 proc70 3.63 86.07
36.57 proc71 0.02 107.46
34.04 proc72 8.99 78.42
9.96 proc73 2.25 22.10
2.62 proc74 6.33 46.89
