7.62 proc0 2.47 51.68
3.02 proc1 3.29 45.19
17.30 proc2 6.87 45.01
32.60 proc3 8.18 109.45
24.80 proc4 6.45 100.44
0.05 proc5 2.42 48.84
1.27 proc6 5.30 73.74
4.58 proc7 8.29 43.48
33.40 proc8 3.44 48.26
26.38 proc9 2.83 62.54
7.50 proc10 4.89 64.25
28.02 proc11 5.70 35.26
10.21 proc12 0.38 63.67
20.49 proc13 9.19 69.08
17.36 proc14 5.89 36.05
14.50 proc15 5.91 51.31
0.37 proc16 6.25 77.28
33.51 proc17 7.49 98.82
11.61 proc18 6.51 26.74
17.25 proc19 3.64 50.74
33.69 proc20 5.67 105.88
22.28 proc21 3.24 59.82
23.03 proc22 6.00 66.19
12.22 proc23 1.54 44.86
31.66 proc24 6.23 38.20
0.97 proc25 0.15 45.73
16.22 proc26 0.25 32.96
14.07 proc27 9.31 96.03
5.60 proc28 2.45 54.56
9.85 proc29 7.11 90.79
24.58 proc30 6.21 72.15
20.39 proc31 2.24 88.32
0.31 proc32 8.46 44.49
18.64 proc33 1.76 67.66
33.98 proc34 0.32 53.30
34.13 proc35 0.59 54.84
19.14 proc36 4.97 46.11
27.27 proc37 8.77 52.86
26.11 proc38 0.29 61.55
12.06 proc39 2.95 28.46
11.48 proc40 9.59 81.13
31.89 proc41 5.10 38.81
27.29 proc42 5.19 97.76
7.91 proc43 0.23 11.65
31.23 proc44 9.41 46.57
3.60 proc45 8.64 22.56
13.53 proc46 3.81 64.93
24.38 proc47 1.18 63.96
32.68 proc48 8.24 81.46
13.02 proc49 1.49 77.19
19.66 proc50 4.60 83.88
12.29 proc51 3.22 38.41
13.18 proc52 0.59 75.61
8.39 proc53 2.73 74.66
10.12 proc54 1.17 70.42
13.05 proc55 2.14 64.09
18.14 proc56 5.80 26.40
4.62 proc57 2.39 18.31
23.56 proc58 1.22 97.86
6.57 proc59 4.74 20.59
0.49 proc60 0.05 44.31
29.90 proc61 3.37 101.16
4.21 proc62 6.94 83.46
34.71 proc63 9.20 61.71
29.05 proc64 1.94 57.57
21.22 proc65 5.46 69.33
8.35 proc66 0.37 19.84
9.56 proc67 1.62 40.22
15.14 proc68 7.98 61.31
14.19 proc69 9.76 97.68
18.77 proc70 9.89 102.78
3.36 proc71 7.97 35.74
36.85 proc72 9.11 47.38
35.53 proc73 8.49 114.46
7.31 proc74 6.34 23.63
