23.41 proc0 0.10 34.69
4.57 proc1 0.30 31.78
32.83 proc2 8.06 105.75
23.32 proc3 7.93 63.81
35.90 proc4 4.95 112.29
23.19 proc5 7.03 92.59
17.02 proc6 0.51 68.96
8.03 proc7 2.29 70.60
8.18 proc8 4.15 52.37
23.50 proc9 0.16 24.85
13.51 proc10 6.49 21.97
19.03 proc11 7.73 30.96
32.30 proc12 6.60 103.56
27.30 proc13 2.90 79.37
6.36 proc14 2.60 20.24
4.61 proc15 8.87 77.45
35.38 proc16 3.47 106.67
23.76 proc17 5.64 39.36
16.49 proc18 7.85 65.45
36.24 proc19 4.20 82.77
36.83 proc20 7.85 60.68
0.80 proc21 2.99 77.74
2.88 proc22 1.72 53.03
34.78 proc23 9.10 114.05
22.04 proc24 0.82 37.53
27.60 proc25 2.07 35.86
22.16 proc26 1.63 55.98
18.62 proc27 8.05 101.15
23.53 proc28 2.51 84.39
6.81 proc29 2.30 23.96
27.70 proc30 2.26 103.68
35.59 proc31 2.47 59.23
35.07 proc32 3.25 72.42
21.96 proc33 2.65 51.96
19.57 proc34 8.61 61.69
26.81 proc35 6.07 81.89
29.86 proc36 2.06 93.15
8.75 proc37 7.09 62.44
8.49 proc38 3.45 77.35
0.27 proc39 5.29 13.25
7.60 proc40 2.78 34.99
6.97 proc41 2.40 52.53
17.41 proc42 1.87 86.85
34.23 proc43 7.81 54.50
10.72 proc44 3.10 15.84
27.25 proc45 0.34 75.13
14.43 proc46 8.42 85.81
7.64 proc47 0.78 49.56
30.63 proc48 3.07 100.72
25.90 proc49 3.15 60.76
29.69 proc50 5.20 87.43
4.83 proc51 7.08 82.43
26.13 proc52 1.79 37.49
22.46 proc53 1.04 91.64
28.61 proc54 3.94 48.93
29.61 proc55 1.30 49.87
16.06 proc56 5.20 28.34
10.12 proc57 7.27 30.31
30.42 proc58 5.54 71.94
26.48 proc59 2.54 88.61
5.13 proc60 0.57 29.28
31.05 proc61 1.87 34.63
28.84 proc62 8.93 52.89
33.57 proc63 5.00 61.48
30.18 proc64 2.74 85.35
1.26 proc65 0.74 64.21
10.62 proc66 5.08 41.93
14.11 proc67 7.81 27.66
20.49 proc68 6.04 73.84
1.24 proc69 3.19 70.83
30.63 proc70 4.58 105.86
5.27 proc71 2.97 17.93
6.11 proc72 0.77 8.56
13.57 proc73 9.84 62.63
24.87 proc74 7.99 92.61
