30.41 proc0 1.59 99.29
19.97 proc1 7.80 77.37
19.45 proc2 6.97 68.27
19.20 proc3 1.09 84.41
12.67 proc4 0.06 20.84
32.94 proc5 2.46 95.80
29.00 proc6 4.69 94.02
34.42 proc7 3.66 56.41
12.98 proc8 7.97 23.83
33.70 proc9 2.45 39.22
24.03 proc10 0.67 39.72
20.22 proc11 6.07 99.84
7.69 proc12 1.32 59.83
28.34 proc13 6.51 93.87
22.97 proc14 9.94 92.37
26.97 proc15 8.84 38.70
19.77 proc16 6.68 64.49
12.54 proc17 5.98 83.99
21.58 proc18 9.49 81.35
23.00 proc19 8.60 100.27
24.51 proc20 5.09 103.31
31.93 proc21 0.56 76.69
31.21 proc22 2.64 87.99
19.28 proc23 0.29 47.57
11.40 proc24 6.50 45.43
3.73 proc25 3.79 26.35
5.16 proc26 9.14 83.20
23.92 proc27 2.52 65.22
19.22 proc28 8.36 62.52
7.03 proc29 4.57 36.02
3.91 proc30 1.20 67.70
3.27 proc31 9.83 79.87
25.08 proc32 8.26 44.88
14.79 proc33 3.48 32.01
28.60 proc34 6.56 97.67
5.18 proc35 7.56 28.70
14.46 proc36 8.96 32.90
11.46 proc37 5.42 45.30
30.59 proc38 0.62 47.30
10.82 proc39 2.52 63.74
22.87 proc40 3.57 85.84
16.75 proc41 4.46 79.31
12.69 proc42 1.23 59.01
18.38 proc43 5.23 94.77
25.17 proc44 2.96 73.45
19.01 proc45 4.36 50.42
26.89 proc46 8.27 54.38
31.56 proc47 1.36 92.83
8.58 proc48 9.63 82.75
16.52 proc49 2.56 27.50
4.38 proc50 8.74 48.35
33.68 proc51 3.26 105.61
25.35 proc52 6.69 34.97
10.60 proc53 1.66 54.41
8.70 proc54 8.46 81.51
31.06 proc55 3.60 56.69
7.40 proc56 0.87 17.30
16.89 proc57 9.40 45.55
9.44 proc58 1.72 27.66
4.28 proc59 6.18 46.14
8.43 proc60 7.37 42.00
25.82 proc61 6.47 82.95
22.69 proc62 3.32 51.87
24.13 proc63 6.18 68.63
7.93 proc64 8.54 43.24
2.67 proc65 6.93 63.37
13.54 proc66 8.93 82.74
18.00 proc67 3.49 77.24
27.51 proc68 6.04 102.17
35.65 proc69 7.20 82.82
16.25 proc70 9.48 45.94
29.18 proc71 6.46 104.37
17.17 proc72 2.59 38.40
29.93 proc73 9.11 104.07
11.83 proc74 1.26 67.13
