13.21 proc0 2.27 43.42
18.62 proc1 9.35 91.41
23.50 proc2 4.60 36.63
14.46 proc3 8.77 52.53
21.47 proc4 9.59 96.80
28.18 proc5 3.35 47.23
25.80 proc6 5.05 93.56
16.79 proc7 5.51 70.49
29.09 proc8 7.25 67.84
33.05 proc9 3.45 61.86
33.60 proc10 7.02 83.02
10.38 proc11 2.05 49.98
4.68 proc12 8.40 85.11
8.89 proc13 2.31 74.01
23.34 proc14 8.11 91.18
18.77 proc15 5.73 34.33
26.52 proc16 2.70 76.94
20.45 proc17 7.24 41.72
7.23 proc18 5.10 80.76
22.77 proc19 4.03 46.09
35.28 proc20 3.11 110.31
19.20 proc21 5.92 37.41
0.72 proc22 7.18 8.21
36.26 proc23 9.58 63.46
30.25 proc24 5.89 39.58
22.72 proc25 0.97 70.08
27.57 proc26 8.13 102.34
14.11 proc27 3.66 63.69
21.03 proc28 5.62 35.79
17.79 proc29 1.77 58.94
27.30 proc30 1.31 91.32
25.78 proc31 6.50 64.37
31.84 proc32 6.69 49.49
31.99 proc33 6.49 46.32
3.68 proc34 4.67 60.37
5.38 proc35 0.81 65.45
28.26 proc36 8.26 81.79
24.14 proc37 2.07 98.93
9.79 proc38 7.75 57.38
14.31 proc39 2.56 69.98
33.74 proc40 9.94 106.57
27.68 proc41 6.90 71.19
6.51 proc42 5.51 23.82
11.92 proc43 4.16 76.56
15.79 proc44 5.15 41.42
4.45 proc45 6.60 37.59
33.69 proc46 4.24 51.39
19.02 proc47 0.77 48.77
17.90 proc48 3.41 33.45
0.55 proc49 7.28 39.17
26.75 proc50 6.40 64.02
20.78 proc51 3.88 32.32
1.84 proc52 5.64 56.47
7.66 proc53 8.86 21.69
0.49 proc54 3.13 47.43
10.60 proc55 4.33 33.27
23.69 proc56 3.44 77.29
30.33 proc57 8.58 94.84
7.63 proc58 3.41 17.58
13.61 proc59 3.56 78.33
29.07 proc60 0.79 64.01
7.30 proc61 6.41 76.95
11.08 proc62 6.90 48.52
35.25 proc63 8.97 66.22
0.81 proc64 9.11 55.36
22.42 proc65 1.97 27.31
31.47 proc66 8.37 68.52
19.22 proc67 6.57 43.79
9.81 proc68 8.63 62.03
13.04 proc69 2.31 85.64
6.21 proc70 0.17 7.60
23.05 proc71 2.14 74.46
17.25 proc72 5.14 48.43
32.32 proc73 4.67 55.32
6.16 proc74 4.88 22.68
