6.66 proc0 0.72 59.84
13.30 proc1 7.14 86.57
32.80 proc2 4.92 64.94
3.82 proc3 1.18 6.22
27.50 proc4 5.57 40.50
12.92 proc5 4.27 22.36
36.12 proc6 1.30 65.62
27.14 proc7 5.68 78.91
2.93 proc8 7.76 66.71
22.39 proc9 3.37 89.76
28.26 proc10 5.17 102.85
17.14 proc11 8.76 73.89
12.77 proc12 7.63 30.25
26.20 proc13 8.66 53.59
26.80 proc14 6.09 93.43
30.46 proc15 9.58 57.60
33.01 proc16 9.34 69.66
9.92 proc17 6.68 86.50
32.66 proc18 7.47 93.23
23.30 proc19 3.52 30.18
17.87 proc20 1.16 61.15
15.12 proc21 5.80 53.76
1.79 proc22 9.25 26.08
6.65 proc23 6.33 17.95
15.89 proc24 3.57 70.11
8.76 proc25 1.80 58.07
17.42 proc26 0.73 60.73
30.89 proc27 3.41 51.98
28.37 proc28 2.23 104.34
17.56 proc29 8.53 51.26
19.22 proc30 3.36 56.47
3.00 proc31 7.45 12.81
19.21 proc32 7.93 98.84
26.62 proc33 9.73 80.51
29.08 proc34 4.02 104.03
17.07 proc35 6.39 32.91
3.50 proc36 1.10 19.50
24.51 proc37 9.45 74.41
33.24 proc38 7.11 97.57
32.62 proc39 1.86 80.68
8.03 proc40 7.06 86.50
24.75 proc41 7.87 84.88
25.91 proc42 3.06 65.71
24.29 proc43 0.25 59.23
9.07 proc44 8.11 82.05
7.06 proc45 2.73 47.58
11.73 proc46 3.67 61.42
19.08 proc47 0.30 61.23
2.04 proc48 9.28 31.52
30.26 proc49 8.09 72.51
16.06 proc50 0.27 28.39
14.29 proc51 6.95 92.31
3.07 proc52 3.96 26.03
21.19 proc53 0.52 42.61
1.31 proc54 2.97 11.02
33.31 proc55 4.88 65.37
14.95 proc56 8.05 77.72
0.65 proc57 3.21 60.81
21.30 proc58 3.76 76.60
31.27 proc59 1.94 70.46
11.12 proc60 6.28 56.64
17.07 proc61 0.14 33.62
15.14 proc62 0.97 62.19
24.51 proc63 6.69 81.20
34.82 proc64 7.05 114.15
1.15 proc65 6.05 41.09
14.56 proc66 0.09 33.92
4.55 proc67 0.27 48.14
32.65 proc68 6.02 110.17
21.08 proc69 4.47 36.57
2.46 proc70 7.48 68.02
21.82 proc71 2.09 83.03
29.91 proc72 6.18 102.46
15.65 proc73 2.81 60.02
3.31 proc74 2.22 24.95
