19.98 proc0 9.88 30.15
6.71 proc1 1.51 53.57
27.73 proc2 2.90 43.47
25.54 proc3 1.32 77.97
23.95 proc4 6.14 74.70
11.55 proc5 1.14 75.56
6.42 proc6 7.99 86.00
1.58 proc7 2.79 78.87
30.14 proc8 7.64 110.25
29.87 proc9 4.40 85.18
14.36 proc10 9.80 74.16
14.50 proc11 1.62 77.45
36.87 proc12 9.11 54.08
6.20 proc13 6.01 30.22
31.42 proc14 2.49 97.96
16.42 proc15 5.61 94.66
10.44 proc16 7.35 75.31
8.75 proc17 7.77 19.96
8.51 proc18 5.92 75.19
7.26 proc19 3.99 30.02
32.37 proc20 7.87 57.52
20.03 proc21 1.79 51.22
13.29 proc22 1.76 37.78
17.29 proc23 3.43 88.56
26.17 proc24 1.93 39.60
20.77 proc25 6.36 80.72
19.60 proc26 9.18 62.47
10.98 proc27 1.55 29.51
12.68 proc28 3.85 77.89
5.65 proc29 5.81 27.77
14.92 proc30 4.56 19.83
23.44 proc31 9.97 47.22
0.94 proc32 3.57 31.50
12.16 proc33 8.24 73.14
8.62 proc34 5.31 81.12
14.30 proc35 0.93 55.14
3.73 proc36 6.22 43.75
20.35 proc37 9.19 74.96
28.72 proc38 2.62 105.63
21.99 proc39 4.15 69.00
30.04 proc40 8.18 40.27
30.21 proc41 4.51 36.59
0.02 proc42 4.77 33.40
13.34 proc43 8.05 36.79
2.36 proc44 0.39 57.98
35.51 proc45 4.25 101.93
18.20 proc46 5.26 57.31
34.87 proc47 0.76 63.43
20.27 proc48 8.52 76.24
19.92 proc49 4.46 27.94
4.07 proc50 2.58 71.55
5.08 proc51 0.75 29.59
6.00 proc52 0.75 66.28
20.11 proc53 4.36 69.41
27.71 proc54 5.00 80.53
17.96 proc55 4.59 27.25
11.63 proc56 9.51 65.29
28.33 proc57 8.93 87.10
5.05 proc58 4.41 48.20
28.46 proc59 9.80 110.48
30.21 proc60 0.89 47.70
25.23 proc61 2.27 49.71
36.95 proc62 3.89 68.70
29.32 proc63 9.33 99.19
14.49 proc64 6.81 44.32
1.08 proc65 1.67 60.20
3.40 proc66 4.81 61.99
25.18 proc67 2.47 73.42
12.77 proc68 3.83 20.46
31.88 proc69 1.52 35.73
30.51 proc70 9.69 49.23
1.70 proc71 6.51 34.25
12.66 proc72 6.50 74.36
26.40 proc73 4.42 80.97
19.27 proc74 8.34 53.86
