33.18 proc0 3.99 97.59
18.49 proc1 5.82 86.14
4.02 proc2 0.82 40.47
28.59 proc3 6.38 60.58
20.21 proc4 1.61 28.12
9.96 proc5 7.90 62.82
13.46 proc6 9.54 62.22
12.71 proc7 4.74 81.90
1.50 proc8 2.35 54.05
18.45 proc9 5.22 97.49
36.97 proc10 4.19 69.89
29.78 proc11 9.19 111.38
23.28 proc12 0.27 27.12
3.86 proc13 8.00 63.25
16.50 proc14 3.46 83.43
19.61 proc15 6.15 73.51
4.78 proc16 9.79 58.86
24.13 proc17 3.22 32.18
18.93 proc18 3.63 44.99
6.70 proc19 8.62 76.91
6.11 proc20 8.61 32.73
20.29 proc21 6.66 38.85
19.01 proc22 2.95 35.90
20.77 proc23 4.00 98.70
9.12 proc24 8.45 42.46
3.44 proc25 3.75 78.22
26.99 proc26 5.05 101.48
11.84 proc27 1.57 32.04
14.22 proc28 6.68 66.76
25.29 proc29 8.49 69.26
18.68 proc30 0.15 43.86
27.56 proc31 5.63 108.17
33.43 proc32 0.77 56.31
3.31 proc33 6.38 61.77
2.79 proc34 8.85 52.12
15.06 proc35 9.78 93.47
13.10 proc36 7.07 51.66
10.36 proc37 0.27 53.88
19.55 proc38 4.12 42.05
5.17 proc39 0.95 13.22
22.67 proc40 6.00 36.87
35.02 proc41 3.45 88.90
35.01 proc42 2.48 93.69
8.92 proc43 3.38 41.36
34.61 proc44 4.13 59.16
17.58 proc45 8.20 44.53
14.44 proc46 1.74 87.97
29.97 proc47 4.54 108.34
14.31 proc48 9.83 53.83
23.38 proc49 1.23 61.42
26.88 proc50 7.35 41.04
30.92 proc51 6.82 70.40
18.80 proc52 6.28 76.37
9.52 proc53 8.69 19.85
23.86 proc54 8.05 64.52
33.93 proc55 2.80 55.87
6.18 proc56 6.70 45.10
4.59 proc57 4.80 75.70
4.01 proc58 8.67 77.70
18.66 proc59 4.99 97.87
36.82 proc60 2.25 93.45
3.18 proc61 0.61 34.32
19.30 proc62 5.69 27.64
7.60 proc63 8.27 83.72
8.40 proc64 4.71 66.33
24.49 proc65 3.89 102.59
33.93 proc66 5.56 88.97
12.82 proc67 6.80 30.13
8.53 proc68 7.88 16.95
3.61 proc69 2.93 44.48
3.22 proc70 2.88 60.94
30.05 proc71 3.74 93.21
8.11 proc72 8.95 44.17
9.41 proc73 1.01 24.52
5.89 proc74 3.28 58.63
