28.01 proc0 3.13 76.80
11.91 proc1 5.18 20.52
17.47 proc2 8.79 84.85
13.33 proc3 1.49 15.13
35.18 proc4 7.16 85.56
27.10 proc5 9.76 64.21
20.76 proc6 6.20 34.20
24.14 proc7 1.82 43.37
28.69 proc8 7.21 101.99
7.40 proc9 6.23 73.70
23.00 proc10 3.80 35.32
8.53 proc11 7.02 62.90
10.22 proc12 1.74 50.22
2.13 proc13 5.35 56.92
2.28 proc14 4.86 35.26
23.60 proc15 2.18 52.07
0.09 proc16 7.79 80.70
3.67 proc17 4.32 19.47
12.25 proc18 2.07 79.89
7.86 proc19 4.07 49.26
0.49 proc20 0.29 66.63
4.69 proc21 2.59 50.82
28.05 proc22 5.35 90.03
9.92 proc23 5.93 37.59
34.32 proc24 6.54 99.02
11.19 proc25 2.92 88.63
24.16 proc26 2.95 85.06
23.08 proc27 3.94 42.35
28.75 proc28 7.25 66.86
24.10 proc29 9.37 94.85
5.52 proc30 9.50 78.54
1.01 proc31 0.77 9.73
22.48 proc32 8.35 78.93
13.42 proc33 1.03 31.99
24.14 proc34 0.31 91.05
15.84 proc35 3.33 32.67
15.60 proc36 9.86 61.05
7.19 proc37 6.10 78.40
14.75 proc38 3.87 63.08
29.97 proc39 0.39 70.09
23.26 proc40 1.88 61.13
17.60 proc41 2.15 61.50
21.52 proc42 8.22 59.13
8.25 proc43 1.85 47.22
16.90 proc44 8.38 64.70
12.76 proc45 2.66 79.83
19.42 proc46 6.87 89.67
36.97 proc47 8.81 79.94
32.10 proc48 2.80 98.09
17.03 proc49 0.90 84.01
36.63 proc50 7.19 48.97
17.39 proc51 1.94 40.59
0.99 proc52 7.76 16.69
15.49 proc53 9.99 47.30
33.80 proc54 4.55 48.01
16.25 proc55 8.00 53.83
11.03 proc56 3.25 20.39
5.30 proc57 3.24 80.75
22.14 proc58 1.92 42.27
16.32 proc59 6.52 47.80
11.92 proc60 6.42 22.20
14.46 proc61 1.12 34.00
24.95 proc62 1.39 27.94
28.86 proc63 5.58 35.95
2.63 proc64 4.71 43.01
7.39 proc65 9.10 37.18
21.98 proc66 2.08 69.13
25.00 proc67 3.51 97.90
23.63 proc68 9.50 41.89
32.61 proc69 3.91 94.19
7.93 proc70 7.13 45.89
9.83 proc71 1.04 50.11
18.92 proc72 7.78 76.36
19.71 proc73 5.58 41.77
20.46 proc74 6.29 78.56
