22.77 proc0 2.27 56.03
23.77 proc1 9.53 53.44
12.34 proc2 1.75 58.29
34.98 proc3 1.61 86.77
31.55 proc4 2.70 77.13
25.64 proc5 1.59 74.75
27.96 proc6 2.85 43.89
35.47 proc7 8.88 52.58
18.78 proc8 7.03 70.72
14.77 proc9 2.19 63.74
27.48 proc10 8.34 99.66
5.76 proc11 4.77 70.87
15.70 proc12 8.10 97.31
0.50 proc13 7.56 18.62
25.26 proc14 6.08 62.12
9.41 proc15 3.02 55.16
32.85 proc16 0.57 97.50
2.31 proc17 0.16 58.13
6.36 proc18 5.24 45.00
28.52 proc19 9.23 87.57
14.59 proc20 6.66 58.66
9.08 proc21 8.22 90.47
1.85 proc22 2.46 63.25
1.11 proc23 2.60 44.33
6.32 proc24 9.42 27.00
21.50 proc25 1.97 57.34
5.58 proc26 0.85 44.60
0.19 proc27 1.47 41.03
27.65 proc28 3.19 34.50
7.13 proc29 0.90 80.91
31.71 proc30 4.84 84.37
13.17 proc31 7.29 54.90
12.27 proc32 7.80 72.94
4.34 proc33 8.10 84.78
24.38 proc34 9.80 102.19
29.94 proc35 5.62 43.30
9.65 proc36 7.12 30.86
28.47 proc37 7.18 60.76
10.90 proc38 4.65 64.57
12.70 proc39 6.58 75.01
11.66 proc40 5.15 33.84
35.25 proc41 8.71 115.70
15.23 proc42 2.02 72.46
4.32 proc43 3.20 48.44
3.01 proc44 9.79 52.25
36.55 proc45 7.88 51.00
3.38 proc46 0.48 63.86
10.33 proc47 8.18 57.33
22.72 proc48 1.13 97.54
9.90 proc49 4.56 62.48
0.39 proc50 7.71 19.74
8.80 proc51 7.24 17.97
7.19 proc52 1.35 25.65
34.43 proc53 2.52 78.02
17.62 proc54 3.33 60.43
0.08 proc55 3.21 26.86
3.32 proc56 4.13 34.64
32.92 proc57 6.92 53.39
15.07 proc58 3.06 40.13
14.43 proc59 5.73 76.35
1.12 proc60 5.84 45.97
6.86 proc61 8.22 33.35
7.81 proc62 0.16 36.40
16.25 proc63 9.46 73.04
36.51 proc64 4.23 113.07
18.99 proc65 4.25 44.66
30.61 proc66 5.15 88.12
7.03 proc67 4.04 40.31
13.71 proc68 8.12 74.00
24.56 proc69 2.02 46.74
15.28 proc70 2.32 81.56
34.53 proc71 4.17 89.28
6.55 proc72 6.29 64.61
20.57 proc73 0.68 69.01
6.92 proc74 0.55 11.93
