17.39 proc0 6.36 76.95
35.43 proc1 3.83 75.40
6.98 proc2 4.65 78.07
0.84 proc3 6.64 69.02
9.06 proc4 3.14 53.54
5.24 proc5 3.32 74.82
16.11 proc6 9.36 42.73
9.11 proc7 5.78 87.01
26.52 proc8 6.68 54.66
21.08 proc9 2.94 54.90
30.65 proc10 7.64 41.89
19.90 proc11 7.21 59.42
0.72 proc12 9.10 77.01
33.50 proc13 9.33 84.80
26.86 proc14 1.78 94.16
10.25 proc15 3.19 28.88
5.94 proc16 7.54 24.12
14.46 proc17 0.01 68.46
13.03 proc18 7.17 49.28
23.62 proc19 2.87 77.58
1.86 proc20 1.16 36.36
3.63 proc21 6.53 22.61
19.58 proc22 6.73 31.98
15.72 proc23 5.78 22.13
36.43 proc24 3.04 53.42
31.76 proc25 5.81 75.44
2.37 proc26 7.42 29.25
7.62 proc27 1.32 28.44
34.26 proc28 4.85 112.41
11.61 proc29 1.23 32.67
36.81 proc30 1.73 67.05
16.26 proc31 2.71 21.48
22.41 proc32 8.00 83.37
25.21 proc33 2.25 48.78
25.52 proc34 2.10 71.74
32.40 proc35 0.68 45.79
14.08 proc36 1.33 83.74
23.68 proc37 3.39 30.32
33.30 proc38 2.65 75.53
32.46 proc39 5.78 87.05
5.25 proc40 5.73 72.77
19.31 proc41 0.13 26.58
20.54 proc42 6.18 93.89
9.67 proc43 3.00 21.73
20.19 proc44 9.89 54.90
4.96 proc45 8.65 43.56
11.23 proc46 2.45 53.58
7.94 proc47 8.85 82.08
9.54 proc48 7.85 27.53
29.07 proc49 6.62 89.20
16.15 proc50 8.04 45.68
9.64 proc51 3.26 35.34
13.16 proc52 8.81 90.78
9.29 proc53 1.43 27.00
13.77 proc54 6.88 36.12
26.01 proc55 8.22 39.56
3.79 proc56 1.26 28.77
23.47 proc57 3.40 41.99
18.68 proc58 5.98 98.66
23.68 proc59 3.84 76.20
13.08 proc60 8.20 55.28
23.68 proc61 0.81 82.95
34.75 proc62 4.36 88.68
31.69 proc63 6.88 98.84
2.72 proc64 0.60 40.21
10.35 proc65 7.63 41.55
12.98 proc66 8.65 54.62
24.68 proc67 5.00 88.19
32.13 proc68 0.05 60.55
31.64 proc69 6.45 95.24
18.65 proc70 9.98 72.32
35.43 proc71 6.38 91.55
27.27 proc72 5.77 40.52
14.72 proc73 4.34 78.12
7.46 proc74 5.07 76.07
