30.65 proc0 0.50 32.15
10.28 proc1 8.17 33.78
20.34 proc2 2.61 74.95
3.98 proc3 1.74 79.59
5.43 proc4 8.66 55.01
22.27 proc5 0.14 33.75
23.30 proc6 0.98 47.27
1.93 proc7 2.81 67.54
35.11 proc8 6.47 41.66
9.94 proc9 3.86 68.66
35.11 proc10 2.15 95.87
35.61 proc11 4.92 85.45
6.17 proc12 0.42 71.07
31.82 proc13 1.50 35.84
31.26 proc14 2.96 101.72
14.45 proc15 8.98 92.01
20.04 proc16 5.28 26.27
31.38 proc17 5.80 59.23
25.36 proc18 5.29 101.24
25.40 proc19 7.98 57.94
15.46 proc20 7.47 63.59
7.37 proc21 7.09 17.05
29.54 proc22 8.76 44.03
24.35 proc23 7.36 48.67
25.59 proc24 5.81 70.59
21.89 proc25 9.71 63.17
18.72 proc26 5.13 95.01
19.19 proc27 3.61 62.47
30.07 proc28 0.46 34.88
27.89 proc29 7.33 99.40
3.01 proc30 1.50 49.71
23.07 proc31 3.50 49.94
24.35 proc32 1.48 39.87
27.18 proc33 8.06 104.46
35.55 proc34 4.98 78.29
17.89 proc35 0.89 54.37
33.46 proc36 5.95 113.46
31.57 proc37 1.14 58.81
14.14 proc38 9.27 52.97
16.29 proc39 6.80 32.60
10.95 proc40 7.62 39.36
33.24 proc41 3.86 84.12
7.77 proc42 0.44 66.33
14.69 proc43 7.78 66.05
11.84 proc44 7.39 25.14
30.47 proc45 2.23 45.31
11.03 proc46 1.27 69.56
10.56 proc47 9.80 86.16
23.44 proc48 3.62 87.35
1.02 proc49 8.02 45.37
5.72 proc50 0.98 25.17
15.98 proc51 9.97 73.33
2.17 proc52 2.07 54.90
30.85 proc53 6.04 70.93
15.35 proc54 9.24 39.07
18.26 proc55 7.47 56.92
24.48 proc56 0.45 65.65
15.73 proc57 3.31 58.26
11.19 proc58 9.64 87.23
3.93 proc59 9.92 65.44
21.85 proc60 1.46 82.28
30.96 proc61 5.78 95.47
17.34 proc62 6.37 97.93
5.33 proc63 4.71 54.55
22.13 proc64 8.86 69.78
29.27 proc65 3.79 52.92
7.66 proc66 0.41 31.32
27.74 proc67 4.66 80.47
10.09 proc68 7.68 63.16
5.85 proc69 8.75 59.37
31.30 proc70 4.65 91.70
23.38 proc71 3.02 50.53
15.35 proc72 7.71 94.95
14.97 proc73 9.15 56.32
36.93 proc74 5.13 65.67
