54.69 proc0 9.20 125.28
60.07 proc1 9.42 167.68
3.42 proc2 8.80 41.02
49.14 proc3 0.13 96.42
44.51 proc4 7.28 163.52
11.15 proc5 5.50 116.63
44.06 proc6 9.23 190.29
38.12 proc7 5.81 148.86
16.50 proc8 9.01 33.69
61.06 proc9 2.17 142.89
47.60 proc10 9.46 124.75
3.30 proc11 7.47 69.68
52.40 proc12 7.92 101.30
66.79 proc13 4.47 114.23
15.37 proc14 0.41 18.00
71.23 proc15 1.90 157.92
46.22 proc16 7.77 127.23
39.72 proc17 2.85 53.04
17.18 proc18 5.05 167.90
21.27 proc19 3.19 52.61
61.10 proc20 9.54 90.66
19.94 proc21 9.98 161.93
49.40 proc22 6.97 157.21
69.89 proc23 5.87 93.72
16.37 proc24 7.92 48.37
17.48 proc25 7.42 77.42
59.88 proc26 3.58 82.53
21.50 proc27 8.88 92.25
26.73 proc28 1.17 165.57
24.57 proc29 4.00 64.16
38.65 proc30 2.15 69.51
48.65 proc31 4.81 81.90
39.66 proc32 1.40 174.00
15.08 proc33 0.72 86.84
24.06 proc34 2.90 66.84
36.10 proc35 5.23 42.51
62.35 proc36 3.21 120.50
71.89 proc37 6.08 116.08
27.82 proc38 9.65 93.11
21.66 proc39 2.92 140.30
39.45 proc40 8.07 195.51
53.81 proc41 4.56 128.51
68.02 proc42 9.85 168.98
59.50 proc43 1.86 163.20
20.02 proc44 5.07 170.42
39.96 proc45 9.88 123.62
40.55 proc46 8.19 170.73
68.02 proc47 7.78 138.99
12.07 proc48 1.49 71.43
39.89 proc49 4.38 145.96
22.75 proc50 9.64 105.19
21.75 proc51 6.81 169.78
56.82 proc52 5.88 201.66
27.37 proc53 3.81 48.04
3.29 proc54 6.48 102.64
0.96 proc55 1.81 93.84
37.84 proc56 7.22 109.05
23.84 proc57 6.29 60.81
55.43 proc58 7.90 116.35
9.37 proc59 3.22 131.26
60.21 proc60 6.25 179.70
21.62 proc61 9.15 96.17
17.23 proc62 6.73 27.58
11.71 proc63 0.37 72.92
20.14 proc64 0.81 29.05
66.57 proc65 0.94 102.79
37.11 proc66 5.99 186.66
69.11 proc67 9.16 166.16
9.45 proc68 6.56 72.36
35.96 proc69 7.80 148.37
20.30 proc70 5.83 74.49
1.91 proc71 8.72 46.24
34.62 proc72 1.01 172.13
36.43 proc73 2.57 181.12
66.85 proc74 5.26 76.44
70.90 proc75 4.14 93.48
13.53 proc76 9.08 130.87
10.32 proc77 8.30 114.34
54.26 proc78 9.56 107.88
7.44 proc79 4.35 22.93
59.74 proc80 7.06 165.44
8.92 proc81 7.31 95.62
26.73 proc82 1.93 123.23
19.98 proc83 6.79 159.95
16.04 proc84 5.70 83.81
18.20 proc85 5.15 147.47
27.43 proc86 6.96 144.75
6.55 proc87 8.33 99.72
54.41 proc88 5.57 138.19
1.45 proc89 6.56 151.50
7.02 proc90 4.52 110.93
56.34 proc91 5.71 121.15
21.03 proc92 9.28 118.35
68.32 proc93 1.94 110.10
59.91 proc94 4.08 189.33
15.95 proc95 6.50 75.08
3.00 proc96 0.16 10.15
58.19 proc97 1.04 191.19
25.61 proc98 8.29 99.37
64.71 proc99 8.48 87.05
61.46 proc100 9.42 152.59
36.15 proc101 6.93 60.49
65.70 proc102 9.73 81.98
34.72 proc103 8.84 79.21
54.65 proc104 6.83 158.29
42.31 proc105 8.96 95.66
68.63 proc106 9.36 124.80
72.12 proc107 7.12 141.57
63.10 proc108 0.53 100.33
20.84 proc109 9.16 43.95
27.77 proc110 7.35 40.35
68.62 proc111 2.18 179.99
2.32 proc112 0.94 108.47
5.59 proc113 5.57 99.03
23.42 proc114 2.85 66.61
71.82 proc115 8.49 105.04
19.02 proc116 7.64 41.76
42.42 proc117 7.26 171.55
73.59 proc118 5.67 209.11
16.94 proc119 8.45 142.64
23.92 proc120 2.15 103.64
26.53 proc121 1.30 138.03
6.13 proc122 1.61 131.97
58.74 proc123 2.36 118.81
27.68 proc124 5.48 133.64
47.85 proc125 5.06 130.79
60.21 proc126 7.59 110.34
67.76 proc127 3.25 72.43
53.69 proc128 3.06 143.26
43.61 proc129 5.32 112.21
27.23 proc130 8.51 131.32
66.02 proc131 2.05 183.17
46.11 proc132 2.86 188.26
33.23 proc133 0.70 58.57
62.08 proc134 4.39 173.31
37.33 proc135 0.77 70.77
1.27 proc136 8.79 156.61
22.54 proc137 7.83 75.63
23.25 proc138 4.99 119.41
66.51 proc139 0.80 88.27
23.15 proc140 4.43 176.17
70.93 proc141 3.23 103.45
53.49 proc142 9.38 135.11
48.13 proc143 3.81 134.62
60.45 proc144 2.09 211.01
38.87 proc145 7.07 55.89
55.21 proc146 7.24 204.29
53.48 proc147 0.24 162.99
1.12 proc148 3.34 38.52
46.71 proc149 2.21 95.00
