49.14 proc0 6.81 56.16
25.65 proc1 6.39 105.87
72.31 proc2 4.95 193.57
67.73 proc3 4.85 121.82
29.38 proc4 0.74 70.53
57.92 proc5 5.07 118.92
0.78 proc6 9.39 39.45
7.38 proc7 4.75 99.84
40.06 proc8 4.66 183.26
17.29 proc9 4.43 109.89
59.22 proc10 0.98 100.49
59.33 proc11 4.40 199.93
21.24 proc12 4.04 85.80
4.39 proc13 3.07 140.75
29.01 proc14 6.99 180.34
49.22 proc15 4.71 124.27
2.19 proc16 4.81 68.17
16.83 proc17 5.80 155.05
60.69 proc18 1.14 114.17
54.96 proc19 3.44 177.14
24.04 proc20 1.34 158.80
44.19 proc21 9.25 102.82
37.29 proc22 2.08 149.36
67.55 proc23 2.67 76.27
59.20 proc24 6.54 176.60
56.37 proc25 3.10 90.99
16.54 proc26 3.39 123.67
47.13 proc27 5.63 93.47
38.34 proc28 3.73 99.85
64.52 proc29 1.05 175.02
48.89 proc30 4.26 182.72
40.59 proc31 0.15 159.09
65.28 proc32 5.12 220.01
45.28 proc33 4.13 89.04
48.30 proc34 2.02 188.01
28.73 proc35 9.54 72.45
44.49 proc36 1.75 131.28
21.36 proc37 8.03 48.95
41.71 proc38 3.14 120.31
70.60 proc39 1.74 163.61
50.33 proc40 8.26 63.75
40.11 proc41 3.67 51.22
24.28 proc42 2.38 110.96
24.09 proc43 8.42 178.76
43.90 proc44 4.86 75.37
37.75 proc45 8.69 66.14
54.84 proc46 4.62 105.34
22.37 proc47 7.47 46.15
32.15 proc48 3.03 98.61
69.88 proc49 2.44 161.91
40.51 proc50 9.15 113.18
43.09 proc51 4.50 166.22
46.81 proc52 7.74 58.86
13.96 proc53 0.95 145.45
12.08 proc54 6.80 72.27
25.39 proc55 1.83 60.90
35.24 proc56 9.15 147.33
58.19 proc57 2.13 125.23
66.35 proc58 6.42 183.07
23.07 proc59 5.73 175.71
67.86 proc60 1.13 203.15
24.62 proc61 6.88 83.13
8.94 proc62 3.12 29.73
11.10 proc63 4.98 47.97
1.37 proc64 6.59 141.87
28.06 proc65 9.98 49.47
44.90 proc66 4.68 198.21
21.37 proc67 2.44 54.36
53.82 proc68 1.28 181.90
33.98 proc69 4.36 101.12
32.43 proc70 3.41 115.63
24.51 proc71 6.69 64.18
50.33 proc72 7.88 137.99
59.16 proc73 9.36 73.03
0.11 proc74 9.54 113.05
67.06 proc75 3.28 173.41
72.78 proc76 9.27 105.28
72.09 proc77 2.12 133.98
12.37 proc78 9.30 100.66
0.77 proc79 3.83 148.94
32.16 proc80 8.15 85.74
72.06 proc81 1.42 219.23
13.55 proc82 8.13 135.63
53.44 proc83 6.02 163.80
55.69 proc84 6.03 159.20
32.39 proc85 4.97 184.11
8.92 proc86 4.68 149.40
20.54 proc87 4.29 42.41
50.42 proc88 5.94 63.37
14.91 proc89 6.04 85.36
12.09 proc90 0.33 49.07
34.80 proc91 9.94 102.67
32.68 proc92 1.74 64.28
14.65 proc93 8.87 143.63
66.83 proc94 6.29 133.69
40.57 proc95 0.61 176.33
38.94 proc96 1.80 96.03
31.84 proc97 4.54 156.00
40.63 proc98 1.26 100.59
44.14 proc99 3.25 196.71
1.34 proc100 4.86 10.47
19.67 proc101 9.50 32.50
48.64 proc102 3.86 81.97
63.56 proc103 5.81 81.88
48.62 proc104 4.72 160.25
3.90 proc105 0.13 120.13
71.48 proc106 5.33 219.93
24.12 proc107 9.57 94.93
8.93 proc108 4.99 94.11
38.28 proc109 0.87 168.11
37.94 proc110 1.05 90.90
40.07 proc111 3.67 88.21
41.73 proc112 0.16 144.26
56.46 proc113 8.63 104.69
62.72 proc114 5.12 178.29
41.17 proc115 5.64 159.26
24.22 proc116 5.17 71.72
20.78 proc117 8.38 65.05
51.40 proc118 9.57 171.68
16.50 proc119 4.68 144.97
5.98 proc120 9.74 155.29
31.94 proc121 5.08 81.71
54.17 proc122 0.64 101.90
30.36 proc123 8.17 65.14
50.15 proc124 6.53 160.04
30.38 proc125 2.02 70.31
11.61 proc126 5.25 132.26
32.77 proc127 8.02 131.94
50.71 proc128 4.88 140.34
31.07 proc129 7.07 43.04
17.96 proc130 7.87 26.77
12.75 proc131 2.13 91.98
35.10 proc132 9.35 131.17
58.65 proc133 3.40 121.31
71.95 proc134 0.09 79.28
48.63 proc135 4.14 90.33
67.58 proc136 5.69 189.59
50.28 proc137 0.06 136.99
20.85 proc138 6.82 37.45
63.23 proc139 0.96 180.09
65.68 proc140 3.35 153.01
66.15 proc141 5.05 187.13
29.70 proc142 9.74 145.65
73.06 proc143 7.55 87.83
27.69 proc144 7.15 43.37
31.31 proc145 3.63 105.55
50.09 proc146 2.64 58.63
33.26 proc147 9.35 49.33
1.58 proc148 2.13 112.69
6.47 proc149 0.56 130.40
