59.81 proc0 7.70 172.52
1.68 proc1 7.08 124.73
7.79 proc2 2.03 155.63
23.94 proc3 4.79 54.11
74.35 proc4 0.25 116.82
61.03 proc5 8.29 86.29
23.89 proc6 7.81 125.96
22.19 proc7 2.77 133.03
60.51 proc8 4.92 173.75
2.86 proc9 8.55 54.01
13.33 proc10 6.53 27.91
65.84 proc11 6.75 186.79
48.82 proc12 7.79 201.27
46.73 proc13 0.98 114.16
59.43 proc14 0.90 130.55
5.54 proc15 9.03 59.11
14.02 proc16 2.22 27.94
61.15 proc17 5.18 119.54
40.19 proc18 3.25 170.40
19.35 proc19 3.63 128.26
40.65 proc20 5.40 99.26
44.67 proc21 4.18 53.35
26.77 proc22 0.69 148.82
24.10 proc23 6.92 167.12
57.32 proc24 4.85 211.70
17.44 proc25 5.59 158.05
39.71 proc26 7.45 65.47
45.56 proc27 5.61 147.13
72.16 proc28 0.97 217.78
60.65 proc29 3.55 113.25
38.29 proc30 8.97 177.38
64.90 proc31 4.92 112.69
67.15 proc32 8.49 128.90
52.83 proc33 1.71 61.65
45.87 proc34 9.35 135.05
45.64 proc35 1.67 60.92
38.15 proc36 6.97 170.55
47.30 proc37 3.04 109.90
20.29 proc38 2.67 97.01
17.61 proc39 0.75 145.62
42.14 proc40 5.86 159.75
32.20 proc41 4.51 72.31
53.63 proc42 3.46 70.08
5.26 proc43 0.51 44.34
8.82 proc44 6.62 44.25
48.73 proc45 2.71 105.35
55.53 proc46 7.80 71.77
43.25 proc47 4.10 101.43
73.02 proc48 6.81 173.89
35.05 proc49 9.15 149.54
23.68 proc50 4.77 71.65
4.56 proc51 9.07 124.48
22.36 proc52 6.22 41.38
28.85 proc53 6.92 56.18
48.14 proc54 8.09 175.99
62.54 proc55 4.59 77.52
14.49 proc56 2.00 143.81
18.71 proc57 7.76 65.33
45.75 proc58 7.50 194.21
17.78 proc59 2.17 148.24
70.45 proc60 5.33 125.66
17.05 proc61 5.94 58.85
72.47 proc62 8.92 210.52
3.88 proc63 2.77 89.55
14.08 proc64 9.19 77.60
73.96 proc65 7.52 204.70
4.16 proc66 9.46 16.78
67.82 proc67 1.95 189.38
12.24 proc68 8.05 102.41
7.72 proc69 0.42 122.86
71.87 proc70 9.81 126.35
21.80 proc71 2.09 157.65
39.74 proc72 1.75 159.05
29.30 proc73 2.27 40.64
70.75 proc74 4.14 221.74
22.92 proc75 4.01 136.62
9.53 proc76 4.56 115.61
11.11 proc77 3.60 145.48
70.92 proc78 5.23 177.67
36.98 proc79 6.26 151.06
19.33 proc80 5.85 130.20
41.67 proc81 8.75 186.73
33.55 proc82 4.05 50.15
17.33 proc83 7.96 71.83
21.87 proc84 7.39 137.95
20.29 proc85 0.45 39.51
0.14 proc86 1.72 89.01
50.90 proc87 3.20 195.28
41.28 proc88 2.66 113.63
17.04 proc89 7.59 38.27
70.95 proc90 0.16 172.45
48.46 proc91 5.72 136.81
41.61 proc92 0.19 185.21
47.89 proc93 2.50 163.17
71.16 proc94 5.42 150.24
50.50 proc95 8.12 139.01
59.89 proc96 8.14 174.19
28.47 proc97 4.93 37.55
24.06 proc98 0.43 68.49
58.90 proc99 2.71 69.39
65.73 proc100 2.17 78.13
41.40 proc101 8.63 146.05
7.71 proc102 4.18 110.81
4.42 proc103 0.56 141.45
60.81 proc104 0.05 128.62
22.64 proc105 6.78 69.06
62.83 proc106 4.77 79.38
40.91 proc107 8.56 135.19
42.99 proc108 1.77 136.98
64.98 proc109 9.62 207.41
68.88 proc110 8.39 92.55
74.00 proc111 3.91 222.59
47.01 proc112 4.94 109.26
21.47 proc113 5.52 92.71
14.71 proc114 3.63 84.78
48.60 proc115 6.65 73.40
68.42 proc116 5.03 163.10
74.31 proc117 0.48 142.88
42.17 proc118 6.21 143.02
13.28 proc119 4.88 107.16
4.68 proc120 4.06 73.57
12.32 proc121 3.93 139.69
9.67 proc122 0.20 57.34
38.32 proc123 3.06 171.73
71.18 proc124 5.02 111.03
29.40 proc125 1.50 165.48
38.47 proc126 0.62 99.10
8.30 proc127 0.53 76.07
42.35 proc128 6.15 58.94
14.67 proc129 7.92 106.20
59.17 proc130 8.55 212.25
16.58 proc131 0.19 70.22
3.30 proc132 1.48 61.16
27.04 proc133 6.59 135.89
17.21 proc134 6.08 50.85
34.63 proc135 10.00 94.68
26.92 proc136 5.13 91.43
56.92 proc137 6.24 130.48
15.54 proc138 1.88 27.02
20.76 proc139 3.84 153.02
62.56 proc140 1.73 170.91
59.83 proc141 3.94 173.23
11.55 proc142 4.38 147.57
39.74 proc143 7.98 128.18
15.88 proc144 0.28 37.78
29.66 proc145 4.89 56.15
54.69 proc146 8.48 161.69
9.38 proc147 6.07 57.50
43.04 proc148 8.14 121.45
47.84 proc149 0.91 176.57
