33.11 proc0 3.57 96.36
52.88 proc1 7.75 68.53
55.95 proc2 4.09 85.08
17.87 proc3 9.71 103.71
7.06 proc4 4.76 130.33
64.42 proc5 1.51 118.26
47.30 proc6 6.24 61.95
37.30 proc7 0.80 165.54
43.76 proc8 5.20 125.88
26.20 proc9 7.73 179.58
5.16 proc10 2.14 56.55
35.00 proc11 9.19 59.65
38.95 proc12 6.65 122.48
51.47 proc13 9.04 133.06
14.53 proc14 9.98 168.51
73.78 proc15 8.57 98.97
24.95 proc16 4.87 140.07
29.16 proc17 9.85 161.27
17.87 proc18 5.68 73.88
56.33 proc19 9.18 81.76
54.15 proc20 9.86 112.40
3.78 proc21 4.53 44.60
11.50 proc22 9.73 157.33
49.93 proc23 6.59 178.18
11.21 proc24 8.52 141.08
8.21 proc25 8.36 116.43
16.52 proc26 1.69 41.18
71.65 proc27 5.58 97.91
57.78 proc28 7.96 171.66
7.94 proc29 5.47 106.97
16.07 proc30 2.69 110.28
40.26 proc31 3.19 52.96
58.40 proc32 4.73 68.51
51.46 proc33 1.38 157.03
37.29 proc34 2.88 122.23
22.96 proc35 3.97 84.43
72.89 proc36 6.18 161.88
9.38 proc37 5.73 31.56
19.72 proc38 3.43 158.98
72.68 proc39 4.49 145.04
44.46 proc40 6.64 159.32
15.23 proc41 2.00 23.35
19.98 proc42 9.79 106.79
22.67 proc43 6.65 127.12
74.77 proc44 1.62 217.38
40.80 proc45 4.68 96.09
69.54 proc46 4.40 217.22
35.95 proc47 5.65 120.84
44.18 proc48 8.28 183.21
37.09 proc49 7.97 93.21
71.02 proc50 3.90 222.61
50.13 proc51 5.93 83.80
53.19 proc52 8.60 86.38
16.71 proc53 1.62 142.68
65.60 proc54 1.59 215.90
61.10 proc55 7.03 137.11
11.40 proc56 6.30 152.74
8.04 proc57 1.09 78.98
47.66 proc58 6.98 98.74
38.03 proc59 1.93 53.68
62.11 proc60 1.40 135.77
60.95 proc61 8.08 80.29
74.81 proc62 5.18 220.20
12.11 proc63 7.40 34.02
74.28 proc64 6.15 118.77
73.64 proc65 4.30 221.69
33.13 proc66 5.82 127.21
25.65 proc67 6.89 137.21
60.57 proc68 3.24 123.25
7.62 proc69 8.31 104.31
14.48 proc70 6.60 130.43
50.61 proc71 4.72 135.94
56.24 proc72 4.70 69.18
51.35 proc73 6.31 176.95
58.60 proc74 6.22 126.36
2.77 proc75 6.03 134.80
74.65 proc76 0.45 138.36
43.78 proc77 3.87 64.25
21.12 proc78 1.95 88.32
50.84 proc79 2.96 93.78
20.02 proc80 4.89 163.83
74.70 proc81 1.64 136.09
40.00 proc82 9.14 179.35
44.12 proc83 5.99 125.00
28.77 proc84 3.80 50.70
59.54 proc85 4.17 172.36
47.54 proc86 4.12 167.09
4.17 proc87 9.96 37.62
12.47 proc88 2.78 67.95
45.10 proc89 9.55 151.81
65.09 proc90 2.22 87.89
59.54 proc91 2.18 106.95
14.42 proc92 7.52 54.29
4.52 proc93 3.40 130.10
41.96 proc94 7.24 78.39
51.03 proc95 5.18 147.95
30.35 proc96 1.51 35.46
13.06 proc97 2.07 18.13
24.81 proc98 3.73 73.18
51.16 proc99 9.75 98.85
24.74 proc100 8.43 104.46
35.02 proc101 6.36 145.44
57.64 proc102 8.29 132.74
73.81 proc103 8.89 200.52
59.90 proc104 4.48 140.75
74.50 proc105 1.29 79.79
45.37 proc106 5.34 77.43
47.17 proc107 7.08 112.03
48.67 proc108 0.38 162.84
70.98 proc109 7.21 188.18
14.96 proc110 0.50 101.83
50.61 proc111 5.17 87.62
27.63 proc112 2.86 36.63
61.04 proc113 2.70 203.22
44.95 proc114 0.69 102.39
8.14 proc115 0.62 84.83
10.14 proc116 6.67 22.91
23.50 proc117 2.96 138.71
52.39 proc118 9.45 179.85
34.28 proc119 8.91 119.29
14.28 proc120 0.91 98.83
57.47 proc121 7.65 76.36
73.39 proc122 1.34 128.84
1.45 proc123 9.48 105.55
71.20 proc124 5.47 181.59
24.57 proc125 6.56 145.34
62.61 proc126 7.91 134.76
65.66 proc127 1.04 175.32
46.79 proc128 8.03 155.13
30.80 proc129 2.60 117.38
68.84 proc130 4.50 170.92
35.66 proc131 2.16 100.21
41.29 proc132 1.95 125.69
68.35 proc133 2.14 145.10
40.65 proc134 1.63 48.96
18.11 proc135 4.91 128.02
0.22 proc136 3.26 77.08
32.34 proc137 2.01 123.56
11.65 proc138 8.25 79.48
61.81 proc139 2.36 162.69
28.80 proc140 1.54 46.37
2.59 proc141 6.29 57.36
33.78 proc142 1.80 113.26
0.01 proc143 0.91 110.72
37.32 proc144 6.33 177.96
40.65 proc145 8.75 107.37
18.15 proc146 8.78 133.78
54.95 proc147 3.09 195.10
24.55 proc148 4.64 140.04
54.34 proc149 2.88 203.45
