1.43 proc0 6.00 128.99
12.64 proc1 0.81 46.54
24.97 proc2 2.99 116.45
74.77 proc3 5.05 79.98
60.30 proc4 1.38 177.79
18.38 proc5 2.03 118.32
16.46 proc6 1.18 60.56
69.11 proc7 1.98 217.81
21.48 proc8 4.70 125.16
71.49 proc9 0.64 137.12
70.36 proc10 0.83 76.17
56.14 proc11 2.51 75.73
72.69 proc12 5.84 140.46
41.93 proc13 5.81 185.39
42.01 proc14 3.85 54.14
25.07 proc15 6.30 70.04
74.03 proc16 8.50 138.86
20.49 proc17 7.71 114.26
18.85 proc18 0.58 25.92
68.34 proc19 0.11 84.51
25.84 proc20 9.49 63.82
28.32 proc21 6.98 101.50
36.86 proc22 6.67 47.37
67.83 proc23 2.26 161.11
61.65 proc24 7.86 218.32
65.79 proc25 1.20 160.35
10.12 proc26 1.07 82.01
38.29 proc27 3.80 78.59
6.31 proc28 6.32 57.77
9.56 proc29 5.43 61.75
17.59 proc30 8.88 65.57
31.84 proc31 2.65 178.22
64.94 proc32 7.57 166.24
66.85 proc33 6.61 201.08
37.37 proc34 4.83 137.71
36.77 proc35 3.60 153.93
8.45 proc36 4.95 143.05
43.86 proc37 0.06 80.63
62.11 proc38 0.90 194.49
9.68 proc39 2.17 74.79
33.06 proc40 4.52 83.64
52.61 proc41 8.76 147.21
49.48 proc42 7.42 106.24
21.35 proc43 6.33 176.18
10.16 proc44 1.32 82.42
57.91 proc45 6.22 189.10
39.69 proc46 7.35 96.26
29.51 proc47 3.20 82.76
47.87 proc48 1.48 112.85
38.61 proc49 2.77 137.46
70.08 proc50 7.18 91.10
18.11 proc51 4.19 167.58
61.03 proc52 0.79 168.41
10.70 proc53 3.63 65.94
9.95 proc54 4.99 86.29
45.42 proc55 2.71 62.78
32.90 proc56 8.00 165.76
57.52 proc57 1.94 82.24
7.54 proc58 8.32 60.81
39.30 proc59 3.47 129.23
12.34 proc60 2.81 59.24
19.27 proc61 5.22 131.43
16.91 proc62 3.36 139.02
70.20 proc63 4.79 98.24
21.01 proc64 6.11 125.18
56.68 proc65 2.17 197.54
64.01 proc66 6.56 179.27
51.44 proc67 4.23 193.40
62.83 proc68 5.23 180.57
10.31 proc69 0.47 25.27
53.54 proc70 2.12 112.29
0.59 proc71 4.69 140.27
54.06 proc72 6.94 96.42
38.43 proc73 6.30 151.97
50.05 proc74 9.10 108.12
24.08 proc75 6.66 112.27
18.43 proc76 5.19 53.53
72.78 proc77 2.05 168.15
66.64 proc78 0.43 88.89
47.90 proc79 1.81 78.60
55.14 proc80 8.94 124.76
8.46 proc81 9.02 148.45
0.96 proc82 6.23 92.28
18.67 proc83 1.35 49.63
72.29 proc84 8.03 96.46
21.77 proc85 1.24 139.05
62.54 proc86 3.69 110.19
2.49 proc87 3.40 80.64
49.15 proc88 2.28 132.65
60.05 proc89 8.67 177.01
74.50 proc90 6.02 172.97
29.84 proc91 7.15 114.75
20.33 proc92 7.28 48.80
62.87 proc93 9.77 114.13
2.68 proc94 9.40 23.98
10.75 proc95 2.31 43.52
68.77 proc96 0.65 155.30
15.75 proc97 0.98 153.58
53.13 proc98 7.53 81.76
18.74 proc99 5.54 25.42
72.88 proc100 5.47 169.83
44.10 proc101 9.45 102.28
7.98 proc102 2.16 18.03
18.58 proc103 0.54 23.50
39.33 proc104 0.90 185.67
45.28 proc105 2.33 77.66
60.51 proc106 1.50 101.74
28.45 proc107 3.60 86.44
21.87 proc108 0.69 39.90
32.43 proc109 3.19 136.01
33.00 proc110 2.90 68.37
3.74 proc111 8.78 36.74
28.11 proc112 9.85 94.58
32.05 proc113 2.32 99.14
34.24 proc114 7.57 120.08
31.96 proc115 3.61 148.85
46.99 proc116 1.67 184.49
66.85 proc117 5.47 112.20
19.04 proc118 8.38 77.61
27.71 proc119 2.71 128.38
2.91 proc120 7.11 151.51
19.14 proc121 7.61 149.99
31.25 proc122 1.35 153.55
59.56 proc123 5.63 71.00
16.95 proc124 0.19 136.48
56.08 proc125 4.45 83.96
37.72 proc126 0.72 86.97
30.64 proc127 9.63 170.81
50.58 proc128 2.17 159.03
0.67 proc129 5.86 153.42
49.65 proc130 6.25 159.40
45.40 proc131 8.80 121.79
32.02 proc132 2.97 122.87
17.49 proc133 0.91 40.69
20.40 proc134 3.17 48.73
5.07 proc135 0.65 97.68
16.78 proc136 5.68 125.20
41.05 proc137 9.77 148.03
31.31 proc138 6.51 167.60
9.46 proc139 6.60 83.80
7.90 proc140 3.22 22.66
59.65 proc141 9.27 212.53
18.44 proc142 3.54 60.17
62.38 proc143 5.88 120.14
73.52 proc144 8.60 181.60
11.10 proc145 9.27 129.63
57.08 proc146 1.51 103.06
33.45 proc147 6.98 81.40
7.06 proc148 1.16 146.83
71.95 proc149 2.42 161.97
