71.36 proc0 2.51 151.92
71.07 proc1 8.16 169.70
20.66 proc2 4.78 147.09
25.04 proc3 0.41 122.60
30.54 proc4 3.43 69.87
6.10 proc5 4.27 41.63
74.24 proc6 7.62 92.95
47.68 proc7 0.06 191.83
15.13 proc8 3.83 168.43
54.89 proc9 4.29 87.00
29.88 proc10 3.81 99.22
68.91 proc11 3.28 110.08
39.14 proc12 6.04 154.75
24.97 proc13 9.38 150.07
73.54 proc14 3.45 94.12
16.50 proc15 4.26 101.89
32.13 proc16 4.16 81.77
37.68 proc17 0.52 84.58
34.72 proc18 2.53 141.05
34.45 proc19 9.85 62.46
48.36 proc20 3.84 127.43
6.13 proc21 3.02 133.61
25.07 proc22 8.24 98.33
4.86 proc23 1.57 62.08
62.72 proc24 1.38 171.46
71.28 proc25 3.58 96.13
36.85 proc26 7.86 128.37
59.59 proc27 2.89 153.88
7.78 proc28 7.52 144.70
59.68 proc29 2.11 188.99
68.76 proc30 8.56 112.07
31.38 proc31 9.37 120.88
18.61 proc32 2.72 75.12
51.11 proc33 3.37 131.87
3.94 proc34 1.73 103.75
57.62 proc35 1.23 60.62
68.25 proc36 6.15 194.11
35.08 proc37 4.09 52.19
5.78 proc38 5.13 136.66
70.49 proc39 3.09 80.97
59.09 proc40 2.25 197.10
1.46 proc41 6.44 134.29
41.53 proc42 8.92 67.61
68.42 proc43 5.73 141.80
32.12 proc44 6.26 131.93
6.16 proc45 3.94 122.14
7.05 proc46 3.04 64.30
66.90 proc47 7.72 190.19
73.41 proc48 8.49 124.38
61.28 proc49 7.89 157.93
64.98 proc50 5.77 193.31
57.86 proc51 5.96 132.94
46.05 proc52 1.50 100.44
54.63 proc53 0.62 194.15
13.45 proc54 4.91 101.12
60.23 proc55 5.73 207.82
41.25 proc56 6.67 85.40
68.36 proc57 5.59 77.20
51.14 proc58 5.37 187.13
72.38 proc59 3.55 174.87
41.76 proc60 2.21 79.41
28.04 proc61 9.92 162.84
62.60 proc62 6.07 216.02
14.04 proc63 3.35 24.09
8.49 proc64 5.14 93.91
49.87 proc65 3.17 69.22
45.80 proc66 8.67 170.65
64.54 proc67 7.79 122.31
66.17 proc68 4.61 201.38
56.48 proc69 4.26 94.53
30.95 proc70 9.83 107.71
48.67 proc71 3.57 118.04
36.10 proc72 1.91 44.80
34.78 proc73 3.78 95.61
38.13 proc74 4.92 177.24
3.27 proc75 1.57 36.65
11.36 proc76 7.67 30.96
69.44 proc77 6.28 204.48
19.43 proc78 5.10 72.41
9.73 proc79 2.63 124.11
26.63 proc80 6.76 142.52
60.09 proc81 3.25 75.96
18.00 proc82 8.06 67.35
21.39 proc83 2.70 122.15
49.91 proc84 7.78 79.49
42.01 proc85 8.22 95.51
57.92 proc86 9.73 78.01
63.89 proc87 8.99 177.41
53.27 proc88 1.58 85.89
2.20 proc89 2.88 75.60
58.08 proc90 6.43 86.39
37.65 proc91 4.44 112.67
43.95 proc92 6.84 92.28
64.60 proc93 9.69 156.25
38.63 proc94 6.35 93.66
49.53 proc95 1.95 73.41
72.16 proc96 9.67 99.74
2.35 proc97 8.19 13.30
54.61 proc98 5.29 86.38
70.13 proc99 5.59 145.37
30.39 proc100 3.33 49.80
41.33 proc101 8.35 132.37
1.62 proc102 4.21 41.14
22.36 proc103 2.82 55.90
63.34 proc104 7.97 197.25
12.68 proc105 4.58 22.45
23.65 proc106 4.20 28.14
32.60 proc107 4.51 160.27
33.98 proc108 1.79 88.32
47.22 proc109 1.15 184.72
7.05 proc110 5.20 48.55
15.08 proc111 0.71 27.35
56.43 proc112 0.92 132.08
74.08 proc113 3.91 195.07
14.44 proc114 2.35 103.48
2.41 proc115 4.04 11.81
5.00 proc116 7.20 80.55
5.15 proc117 1.54 142.73
66.72 proc118 6.07 85.74
17.99 proc119 2.37 50.49
11.17 proc120 3.31 122.56
29.32 proc121 5.32 153.35
35.10 proc122 2.85 170.52
72.46 proc123 2.72 116.35
56.01 proc124 4.65 137.10
24.35 proc125 4.97 166.41
27.03 proc126 5.64 127.69
61.21 proc127 6.32 185.71
54.23 proc128 5.22 118.74
60.70 proc129 7.62 163.18
0.76 proc130 9.11 154.38
54.80 proc131 3.02 132.15
39.16 proc132 7.70 163.87
30.44 proc133 7.36 45.67
51.02 proc134 4.83 133.44
14.24 proc135 8.07 24.44
7.79 proc136 1.68 96.13
55.30 proc137 9.84 96.64
39.39 proc138 7.07 156.24
69.04 proc139 5.16 148.25
41.47 proc140 5.26 107.39
38.73 proc141 2.57 147.20
0.89 proc142 7.79 80.04
59.40 proc143 1.85 93.00
63.33 proc144 8.65 176.13
27.13 proc145 0.55 102.93
28.19 proc146 1.59 130.19
71.52 proc147 8.96 178.49
12.28 proc148 4.22 70.53
67.17 proc149 3.42 202.06
