53.65 proc0 6.40 161.45
61.76 proc1 3.69 150.59
74.72 proc2 7.54 220.30
35.68 proc3 8.86 52.59
73.66 proc4 5.09 209.15
16.67 proc5 5.15 93.03
29.39 proc6 6.65 97.48
56.99 proc7 2.52 61.71
1.37 proc8 7.03 27.98
44.40 proc9 4.35 71.62
39.61 proc10 1.51 159.97
15.31 proc11 9.74 49.19
57.88 proc12 9.70 204.84
51.90 proc13 4.46 176.46
55.93 proc14 4.28 106.73
46.12 proc15 6.51 176.40
6.73 proc16 0.42 80.75
37.44 proc17 8.02 156.85
38.54 proc18 8.21 113.55
48.34 proc19 4.13 184.56
59.77 proc20 9.41 73.87
44.19 proc21 1.45 46.46
56.26 proc22 9.17 211.81
49.89 proc23 6.08 119.28
34.95 proc24 3.54 166.04
58.21 proc25 9.69 143.05
45.09 proc26 0.59 127.21
6.89 proc27 5.58 64.35
62.58 proc28 0.72 88.27
20.98 proc29 7.16 115.01
12.03 proc30 5.13 95.14
14.38 proc31 1.03 115.10
14.79 proc32 8.53 110.49
12.98 proc33 5.18 46.61
44.63 proc34 9.84 136.04
33.41 proc35 7.60 117.95
70.98 proc36 3.61 160.37
36.74 proc37 4.53 60.76
62.68 proc38 2.88 95.84
0.17 proc39 5.67 143.60
43.61 proc40 7.28 115.64
7.59 proc41 9.19 96.94
57.44 proc42 1.17 116.68
26.03 proc43 2.90 164.70
40.25 proc44 8.85 182.47
6.04 proc45 3.30 106.73
44.52 proc46 2.76 48.86
12.40 proc47 7.66 89.63
22.14 proc48 6.02 140.86
37.29 proc49 6.04 91.12
31.16 proc50 1.86 39.96
63.54 proc51 2.87 211.26
28.62 proc52 0.53 41.48
57.65 proc53 4.00 117.42
50.54 proc54 9.37 98.36
42.23 proc55 0.17 130.35
15.92 proc56 6.11 151.44
16.72 proc57 7.76 118.83
51.50 proc58 0.71 86.88
32.85 proc59 5.69 163.85
56.74 proc60 9.84 69.77
60.21 proc61 8.31 114.76
57.64 proc62 2.13 113.94
63.80 proc63 9.82 187.78
16.68 proc64 6.55 127.89
35.91 proc65 2.18 145.33
4.88 proc66 4.31 58.04
69.59 proc67 6.54 91.40
41.77 proc68 3.40 71.14
59.10 proc69 7.78 178.13
46.76 proc70 5.35 160.97
48.35 proc71 3.38 135.28
71.47 proc72 1.06 188.00
23.56 proc73 9.57 145.83
5.64 proc74 1.79 68.45
57.97 proc75 6.58 158.34
36.58 proc76 7.23 52.23
61.01 proc77 6.51 173.98
68.65 proc78 2.08 78.23
6.63 proc79 9.96 140.83
62.26 proc80 6.19 122.91
41.69 proc81 2.64 149.43
8.46 proc82 2.17 131.64
66.20 proc83 5.31 186.04
47.55 proc84 6.06 195.03
3.05 proc85 3.79 96.98
49.95 proc86 8.67 107.23
54.16 proc87 6.80 207.22
32.39 proc88 5.96 65.78
36.14 proc89 6.84 69.80
23.26 proc90 5.14 148.13
50.49 proc91 0.70 60.53
28.04 proc92 1.83 71.76
13.54 proc93 0.66 135.77
70.81 proc94 6.99 140.32
66.52 proc95 7.40 193.32
36.59 proc96 4.06 140.09
60.89 proc97 1.28 113.68
59.02 proc98 5.60 205.48
72.74 proc99 0.42 166.64
11.15 proc100 3.52 35.29
71.01 proc101 0.25 102.41
0.68 proc102 3.99 63.25
21.63 proc103 5.80 95.83
7.41 proc104 5.24 35.98
38.67 proc105 4.11 177.14
23.37 proc106 8.99 77.64
73.09 proc107 7.10 144.71
23.84 proc108 4.97 177.35
19.27 proc109 4.67 28.77
66.01 proc110 6.16 129.80
1.32 proc111 5.63 68.36
16.89 proc112 5.72 143.88
46.18 proc113 8.60 112.99
5.38 proc114 9.59 151.75
17.04 proc115 4.75 70.17
9.22 proc116 7.86 50.25
31.86 proc117 7.61 179.20
64.13 proc118 0.79 129.24
63.39 proc119 3.36 201.16
65.81 proc120 2.16 144.76
19.62 proc121 2.33 33.16
50.33 proc122 4.59 151.90
35.97 proc123 0.74 112.74
65.07 proc124 1.46 136.43
58.46 proc125 3.73 203.31
7.65 proc126 4.96 121.68
24.23 proc127 9.21 106.64
19.09 proc128 7.76 111.85
51.26 proc129 6.21 192.81
43.46 proc130 4.99 66.15
6.86 proc131 7.60 67.16
12.46 proc132 4.31 138.26
60.96 proc133 9.11 202.68
23.97 proc134 7.79 36.27
58.92 proc135 5.58 125.00
54.48 proc136 6.60 196.01
34.02 proc137 9.83 166.94
70.61 proc138 2.38 162.49
38.11 proc139 9.21 80.03
30.78 proc140 5.01 143.31
39.63 proc141 5.92 117.13
65.99 proc142 7.58 209.86
51.73 proc143 5.71 180.39
43.03 proc144 8.91 141.69
45.29 proc145 6.76 75.52
0.54 proc146 4.03 127.05
68.00 proc147 8.56 196.54
54.55 proc148 7.98 68.16
24.30 proc149 3.06 171.18
