65.85 proc0 5.12 163.01
36.71 proc1 5.14 183.14
52.13 proc2 5.93 192.44
43.73 proc3 5.14 73.35
15.52 proc4 1.89 57.30
53.01 proc5 3.84 119.39
31.14 proc6 7.79 167.67
17.16 proc7 4.01 73.46
38.96 proc8 4.49 173.76
48.96 proc9 6.57 92.38
41.91 proc10 5.35 160.97
12.93 proc11 0.24 54.00
8.57 proc12 7.19 145.60
0.76 proc13 3.02 60.65
13.01 proc14 5.09 103.26
32.95 proc15 2.16 177.81
64.23 proc16 6.31 180.11
53.60 proc17 8.60 81.88
4.75 proc18 3.80 95.57
69.90 proc19 0.33 105.79
13.32 proc20 5.91 135.06
70.18 proc21 7.64 197.30
15.59 proc22 8.78 101.78
5.50 proc23 8.88 137.17
33.93 proc24 0.62 83.76
1.51 proc25 5.01 88.16
72.85 proc26 3.58 102.79
52.64 proc27 0.72 58.75
62.47 proc28 1.35 126.17
30.99 proc29 0.67 98.88
48.77 proc30 2.45 57.16
31.68 proc31 1.81 153.99
16.43 proc32 3.89 122.54
55.13 proc33 4.62 145.22
41.52 proc34 9.14 145.41
66.13 proc35 9.35 95.38
31.95 proc36 9.06 114.55
45.13 proc37 6.08 135.57
47.82 proc38 4.41 156.91
4.00 proc39 8.54 127.34
37.61 proc40 5.04 44.22
40.57 proc41 9.27 78.53
25.82 proc42 1.46 114.27
1.94 proc43 8.81 17.04
44.67 proc44 4.34 192.47
17.04 proc45 3.16 153.84
27.00 proc46 7.42 153.93
63.77 proc47 3.44 127.87
30.95 proc48 9.81 167.53
8.29 proc49 0.35 113.48
65.69 proc50 5.36 101.51
66.48 proc51 0.77 86.69
5.82 proc52 4.21 51.32
49.32 proc53 4.47 77.17
52.47 proc54 0.43 141.42
49.20 proc55 2.70 187.83
41.01 proc56 6.30 144.55
25.77 proc57 4.80 179.37
56.10 proc58 8.93 211.04
44.49 proc59 0.03 45.73
21.91 proc60 8.79 112.33
37.14 proc61 7.66 137.99
46.86 proc62 8.43 61.70
67.50 proc63 5.01 146.00
4.19 proc64 2.01 86.12
48.45 proc65 8.57 177.46
41.42 proc66 4.03 110.41
15.04 proc67 7.47 159.51
14.43 proc68 4.95 140.34
12.44 proc69 0.88 134.80
13.05 proc70 3.80 120.23
53.86 proc71 8.75 130.86
25.46 proc72 5.00 75.21
28.66 proc73 4.00 152.57
65.40 proc74 4.56 219.96
30.37 proc75 1.02 159.86
15.59 proc76 6.54 61.11
48.07 proc77 8.55 57.65
41.57 proc78 0.47 117.33
27.05 proc79 2.13 117.68
12.78 proc80 3.87 162.20
64.48 proc81 1.05 192.38
23.60 proc82 4.45 79.93
45.98 proc83 8.27 166.15
30.93 proc84 6.99 68.24
30.93 proc85 1.04 77.60
20.16 proc86 3.12 167.08
39.65 proc87 9.52 171.21
40.17 proc88 5.07 174.36
2.81 proc89 8.67 22.58
47.07 proc90 0.38 116.61
44.84 proc91 8.97 138.76
33.26 proc92 2.12 37.04
59.20 proc93 8.25 193.13
40.16 proc94 2.38 123.04
55.32 proc95 6.50 157.89
3.14 proc96 9.19 155.14
0.04 proc97 4.47 140.19
61.05 proc98 9.83 132.57
50.61 proc99 0.21 92.61
56.16 proc100 6.48 110.09
15.74 proc101 2.46 50.27
58.22 proc102 6.89 129.00
59.05 proc103 4.79 101.49
46.89 proc104 0.14 120.31
12.14 proc105 7.52 40.42
60.18 proc106 7.94 76.68
56.58 proc107 7.94 140.20
49.43 proc108 6.08 128.63
5.27 proc109 2.83 84.31
26.16 proc110 0.32 49.90
49.89 proc111 2.42 112.61
65.92 proc112 0.18 79.82
22.87 proc113 8.05 116.46
41.69 proc114 4.31 133.68
3.33 proc115 5.92 59.72
13.71 proc116 3.95 37.18
17.99 proc117 1.49 158.13
55.83 proc118 8.08 143.80
17.39 proc119 8.79 148.53
55.49 proc120 2.27 184.91
67.20 proc121 8.93 89.54
22.36 proc122 7.72 46.20
29.22 proc123 0.76 166.91
71.99 proc124 6.32 129.82
40.83 proc125 6.77 187.96
66.06 proc126 8.60 124.24
0.82 proc127 0.99 73.78
70.15 proc128 8.44 121.79
35.09 proc129 0.76 60.82
21.26 proc130 8.16 88.50
9.83 proc131 7.12 59.91
16.54 proc132 0.10 25.32
24.60 proc133 3.99 48.73
18.07 proc134 3.59 136.64
43.82 proc135 9.03 119.34
39.01 proc136 7.84 92.26
63.80 proc137 7.95 132.07
24.78 proc138 7.30 68.98
46.38 proc139 1.98 96.60
58.87 proc140 4.82 84.27
13.41 proc141 6.13 146.86
34.89 proc142 8.33 171.99
39.23 proc143 1.61 79.50
49.30 proc144 4.02 145.83
31.79 proc145 9.87 119.68
65.04 proc146 5.07 115.76
12.74 proc147 3.57 31.25
42.91 proc148 6.88 174.29
61.35 proc149 3.06 68.66
