12.35 proc0 5.75 111.15
6.26 proc1 6.80 18.86
74.41 proc2 0.64 212.27
37.24 proc3 0.55 182.26
52.62 proc4 9.41 168.97
74.28 proc5 2.83 111.00
27.30 proc6 0.78 133.96
54.69 proc7 9.02 91.94
48.21 proc8 8.29 191.38
7.58 proc9 5.99 132.64
45.32 proc10 7.64 108.22
16.84 proc11 8.47 32.64
19.74 proc12 8.39 45.04
13.35 proc13 3.36 41.90
10.59 proc14 0.38 27.24
64.06 proc15 0.28 123.09
6.01 proc16 3.92 80.35
58.95 proc17 1.21 115.85
73.06 proc18 7.64 110.78
65.50 proc19 8.65 194.11
50.03 proc20 4.69 139.27
2.66 proc21 6.94 71.25
6.32 proc22 9.57 53.47
14.77 proc23 1.35 104.10
27.37 proc24 2.76 123.74
35.50 proc25 1.31 134.61
64.88 proc26 2.11 73.57
25.09 proc27 9.97 59.82
52.93 proc28 9.71 202.00
67.97 proc29 8.44 195.54
52.94 proc30 5.11 97.59
20.21 proc31 5.47 169.31
51.04 proc32 6.31 194.55
69.83 proc33 8.28 85.59
38.81 proc34 1.93 89.69
10.62 proc35 6.66 85.81
59.52 proc36 5.31 164.97
62.81 proc37 8.66 171.11
0.19 proc38 5.72 101.18
69.88 proc39 4.78 146.56
54.44 proc40 1.84 204.88
74.20 proc41 4.53 159.37
71.02 proc42 1.34 97.66
64.61 proc43 0.65 214.78
68.35 proc44 5.82 102.65
17.82 proc45 7.24 153.49
52.09 proc46 5.18 115.41
27.16 proc47 3.55 68.74
1.98 proc48 3.58 129.33
49.61 proc49 2.89 97.97
10.56 proc50 0.15 83.75
9.86 proc51 0.05 150.95
50.18 proc52 9.52 70.81
62.83 proc53 8.13 91.81
62.59 proc54 7.24 178.04
1.82 proc55 9.62 78.25
66.04 proc56 6.57 217.05
20.11 proc57 0.19 68.01
39.12 proc58 0.45 140.94
26.01 proc59 7.07 177.85
48.75 proc60 8.47 204.28
10.26 proc61 9.79 167.81
5.78 proc62 6.48 152.75
11.34 proc63 4.86 128.64
21.76 proc64 3.20 96.07
0.86 proc65 3.45 69.73
34.27 proc66 2.25 50.43
31.49 proc67 4.93 53.14
55.34 proc68 0.15 78.98
31.03 proc69 3.62 164.11
28.41 proc70 0.12 135.11
26.94 proc71 1.48 131.84
25.82 proc72 2.26 78.69
21.06 proc73 3.77 148.30
2.28 proc74 6.67 30.45
37.84 proc75 6.78 117.80
70.55 proc76 1.35 178.83
2.51 proc77 5.55 38.96
10.87 proc78 2.93 46.92
22.61 proc79 7.07 117.04
12.35 proc80 0.85 102.30
65.63 proc81 4.45 181.45
42.34 proc82 7.89 195.43
67.65 proc83 0.70 120.04
54.38 proc84 1.00 57.10
65.13 proc85 6.05 174.65
26.72 proc86 5.45 155.92
5.18 proc87 5.79 67.98
20.63 proc88 7.24 128.82
37.19 proc89 0.25 94.39
5.87 proc90 1.90 77.54
50.42 proc91 0.65 187.55
31.11 proc92 6.30 142.22
28.71 proc93 5.32 149.31
54.55 proc94 2.57 187.45
55.41 proc95 1.25 127.72
32.15 proc96 4.81 39.83
19.02 proc97 5.50 114.23
47.53 proc98 8.25 104.05
23.00 proc99 3.21 78.28
51.47 proc100 4.00 136.02
11.36 proc101 0.72 102.38
4.59 proc102 4.87 44.20
57.00 proc103 8.70 180.17
39.65 proc104 5.97 48.59
29.81 proc105 3.36 54.90
65.34 proc106 7.64 166.91
66.78 proc107 0.18 93.43
36.63 proc108 6.52 43.44
60.76 proc109 9.58 118.85
11.79 proc110 6.45 126.70
52.07 proc111 7.96 179.28
22.22 proc112 8.57 73.06
39.59 proc113 6.17 68.46
21.82 proc114 1.46 135.53
23.31 proc115 5.44 41.36
34.18 proc116 4.15 165.59
6.14 proc117 3.05 139.17
19.38 proc118 7.93 105.05
19.53 proc119 6.04 97.07
43.78 proc120 7.61 69.61
23.00 proc121 4.55 165.20
7.63 proc122 7.51 131.41
28.77 proc123 2.79 90.44
40.12 proc124 5.70 126.61
21.24 proc125 8.81 42.38
27.54 proc126 3.37 105.46
16.18 proc127 4.19 140.69
6.17 proc128 6.77 102.29
45.04 proc129 9.37 84.31
5.79 proc130 5.21 155.03
14.90 proc131 8.28 85.48
8.73 proc132 9.29 43.03
66.86 proc133 3.13 136.87
21.30 proc134 8.48 32.19
61.69 proc135 1.31 197.57
67.85 proc136 4.98 107.91
30.13 proc137 7.14 135.12
15.29 proc138 7.96 72.63
59.96 proc139 3.97 103.88
74.91 proc140 4.74 197.74
71.93 proc141 6.73 170.88
28.08 proc142 7.89 117.60
40.58 proc143 6.81 175.96
74.02 proc144 9.65 189.42
0.23 proc145 7.87 133.52
67.52 proc146 6.92 124.60
10.05 proc147 0.94 18.26
58.98 proc148 2.97 188.68
8.66 proc149 0.97 45.89
