44.45 proc0 3.37 155.41
9.53 proc1 3.80 145.59
68.55 proc2 1.81 146.07
56.16 proc3 0.30 204.15
0.40 proc4 7.89 120.23
46.58 proc5 7.43 120.34
59.70 proc6 5.98 140.53
62.30 proc7 8.00 83.24
35.34 proc8 9.00 86.74
40.14 proc9 8.32 178.45
58.56 proc10 4.25 93.38
37.36 proc11 5.52 130.50
28.48 proc12 4.66 147.94
66.34 proc13 2.15 187.74
65.18 proc14 2.20 154.95
46.15 proc15 8.41 103.52
4.32 proc16 6.37 149.28
41.75 proc17 4.68 155.01
48.22 proc18 9.39 151.15
69.42 proc19 4.74 142.56
59.42 proc20 2.55 194.12
74.70 proc21 7.53 147.21
43.51 proc22 1.33 179.73
25.91 proc23 0.17 43.21
10.54 proc24 8.87 69.56
54.32 proc25 5.02 85.70
3.80 proc26 5.60 131.35
73.09 proc27 1.16 116.41
52.38 proc28 7.59 93.00
24.15 proc29 6.85 135.17
58.35 proc30 4.77 205.56
49.43 proc31 4.73 159.57
6.91 proc32 0.53 132.81
74.36 proc33 3.99 206.32
7.92 proc34 5.39 124.27
33.00 proc35 2.64 71.89
46.18 proc36 3.14 169.50
32.16 proc37 2.89 172.65
53.23 proc38 9.87 164.58
69.74 proc39 3.09 127.03
46.83 proc40 0.87 173.44
43.04 proc41 7.46 97.20
20.75 proc42 8.38 83.82
8.43 proc43 8.30 131.22
72.42 proc44 9.35 127.15
52.91 proc45 3.75 141.57
71.03 proc46 9.91 212.97
56.12 proc47 4.20 85.66
49.93 proc48 1.30 74.63
25.67 proc49 0.60 96.04
52.76 proc50 6.84 142.46
40.63 proc51 2.58 88.00
63.98 proc52 5.34 89.87
16.32 proc53 6.47 167.81
73.57 proc54 6.13 215.02
21.25 proc55 3.18 66.06
63.71 proc56 2.65 106.64
54.72 proc57 0.13 158.11
67.39 proc58 6.79 196.87
4.09 proc59 0.21 135.92
38.98 proc60 7.25 130.42
5.41 proc61 2.67 130.94
27.81 proc62 1.20 82.04
38.08 proc63 3.37 41.53
35.59 proc64 3.18 130.74
28.25 proc65 6.01 173.93
49.06 proc66 4.51 83.00
69.20 proc67 1.81 102.45
45.83 proc68 0.79 179.92
32.17 proc69 1.34 170.00
22.98 proc70 6.53 124.72
65.07 proc71 7.26 207.52
51.51 proc72 0.96 55.59
3.02 proc73 6.04 62.77
3.06 proc74 0.78 105.27
49.05 proc75 4.55 95.24
43.88 proc76 1.09 154.26
58.60 proc77 0.32 195.28
74.31 proc78 6.43 228.97
65.97 proc79 0.72 84.95
59.21 proc80 3.78 179.27
31.82 proc81 2.46 109.38
24.41 proc82 9.33 123.28
25.97 proc83 9.73 65.84
52.83 proc84 0.14 94.88
28.54 proc85 6.68 145.40
49.36 proc86 2.53 178.48
29.00 proc87 0.34 160.74
22.19 proc88 0.25 100.29
21.30 proc89 9.05 119.00
30.43 proc90 6.94 182.78
13.57 proc91 1.18 47.07
51.12 proc92 4.44 77.79
20.89 proc93 7.90 46.99
35.96 proc94 4.95 61.19
56.91 proc95 8.75 186.14
37.00 proc96 5.33 50.76
25.30 proc97 9.20 48.06
15.99 proc98 2.16 35.48
54.92 proc99 5.00 62.95
24.25 proc100 9.06 140.45
21.95 proc101 0.86 147.73
38.11 proc102 7.68 87.28
49.23 proc103 0.47 59.71
58.33 proc104 5.26 147.79
68.47 proc105 2.85 136.78
53.71 proc106 7.78 206.95
57.92 proc107 1.16 192.53
64.70 proc108 3.29 83.82
73.36 proc109 0.61 164.77
74.87 proc110 3.84 155.35
53.45 proc111 6.77 149.82
40.90 proc112 1.85 97.56
61.65 proc113 8.42 131.85
66.65 proc114 6.19 213.53
33.75 proc115 5.32 72.48
66.49 proc116 2.48 69.11
64.22 proc117 0.21 81.88
55.95 proc118 8.83 131.55
63.86 proc119 8.61 148.41
34.26 proc120 8.60 176.44
72.58 proc121 5.72 163.45
42.38 proc122 1.18 156.49
69.79 proc123 9.40 168.36
25.68 proc124 8.28 66.03
21.02 proc125 2.78 135.71
37.73 proc126 1.65 188.52
37.80 proc127 0.21 40.23
46.53 proc128 7.67 188.89
4.91 proc129 6.19 124.98
42.88 proc130 0.75 136.45
34.67 proc131 0.43 63.75
2.24 proc132 6.08 54.61
58.71 proc133 5.39 101.31
28.30 proc134 8.81 48.56
44.33 proc135 1.61 99.15
25.29 proc136 6.64 109.85
24.86 proc137 1.68 107.62
25.97 proc138 7.89 79.98
18.32 proc139 8.54 165.76
0.26 proc140 4.26 4.72
46.67 proc141 8.88 62.23
61.00 proc142 9.18 168.08
9.14 proc143 7.01 44.86
27.75 proc144 0.78 39.41
33.47 proc145 6.69 75.27
60.07 proc146 0.07 194.91
24.03 proc147 3.38 37.45
64.57 proc148 6.84 199.77
12.63 proc149 9.29 128.41
