23.28 proc0 1.65 73.52
57.63 proc1 2.51 108.90
47.80 proc2 2.74 68.22
68.97 proc3 5.52 196.17
60.73 proc4 3.96 99.64
40.68 proc5 6.10 193.05
13.87 proc6 4.26 115.51
70.67 proc7 7.11 203.05
70.07 proc8 8.65 185.26
32.32 proc9 0.25 108.19
1.41 proc10 3.35 105.18
25.71 proc11 1.04 164.77
50.09 proc12 7.41 86.63
58.93 proc13 6.61 177.44
44.77 proc14 4.70 70.78
62.25 proc15 0.13 175.19
60.38 proc16 1.98 89.11
34.07 proc17 1.40 168.91
21.70 proc18 0.74 135.62
74.97 proc19 5.05 196.93
37.78 proc20 5.24 60.21
12.98 proc21 8.67 54.40
7.00 proc22 5.35 156.24
21.56 proc23 3.20 117.74
2.51 proc24 9.17 25.20
13.17 proc25 7.47 36.05
69.58 proc26 5.52 120.15
7.96 proc27 0.07 74.05
74.68 proc28 2.96 154.79
56.27 proc29 2.95 62.14
39.73 proc30 7.99 129.23
48.33 proc31 9.72 119.58
64.70 proc32 0.65 207.08
61.65 proc33 3.53 104.95
33.14 proc34 3.86 64.37
39.89 proc35 5.62 184.98
47.60 proc36 4.90 124.81
70.12 proc37 5.96 149.37
28.14 proc38 5.92 151.72
66.71 proc39 3.42 82.11
68.17 proc40 8.72 208.74
33.93 proc41 5.16 166.77
64.69 proc42 3.79 205.98
60.55 proc43 2.01 103.00
5.44 proc44 6.42 110.28
19.13 proc45 1.74 53.59
13.86 proc46 8.09 128.14
50.01 proc47 7.44 103.02
11.66 proc48 1.19 147.16
70.49 proc49 0.09 106.17
1.49 proc50 9.17 26.99
67.41 proc51 3.70 164.82
56.25 proc52 2.32 59.08
50.00 proc53 0.40 81.00
70.22 proc54 1.12 198.31
44.43 proc55 3.67 51.22
60.80 proc56 5.52 190.77
38.89 proc57 2.19 127.12
61.67 proc58 3.75 169.31
53.83 proc59 3.14 162.14
71.62 proc60 3.34 167.76
4.79 proc61 2.33 155.40
51.64 proc62 9.83 94.62
51.90 proc63 6.50 97.52
67.20 proc64 5.86 129.04
55.68 proc65 1.79 168.56
57.23 proc66 9.89 111.05
44.46 proc67 5.08 126.32
12.48 proc68 3.30 148.74
64.42 proc69 0.48 95.03
42.01 proc70 0.03 122.30
13.41 proc71 0.66 129.30
12.55 proc72 7.55 132.79
29.12 proc73 4.47 93.75
48.69 proc74 3.43 200.19
1.68 proc75 0.85 27.39
57.23 proc76 8.48 88.94
4.19 proc77 4.41 107.98
42.58 proc78 6.08 197.53
34.06 proc79 4.66 44.76
49.13 proc80 0.27 55.82
14.26 proc81 2.05 32.71
71.88 proc82 3.73 205.26
53.23 proc83 7.61 107.53
8.31 proc84 4.10 110.54
7.34 proc85 4.33 122.60
19.77 proc86 1.96 109.92
31.38 proc87 2.51 38.26
6.07 proc88 8.19 109.76
5.50 proc89 2.73 23.71
8.52 proc90 9.28 37.26
11.73 proc91 1.19 63.18
19.93 proc92 0.77 126.86
9.75 proc93 7.87 87.92
33.10 proc94 8.98 173.89
7.17 proc95 9.95 63.82
62.63 proc96 2.59 141.25
31.73 proc97 6.77 152.25
33.91 proc98 7.58 128.13
6.66 proc99 8.32 142.62
14.40 proc100 9.45 140.77
24.13 proc101 1.02 159.87
49.26 proc102 3.67 199.22
27.34 proc103 4.97 146.62
62.49 proc104 9.39 170.82
53.40 proc105 0.34 152.01
1.75 proc106 8.69 147.57
39.76 proc107 2.92 131.44
21.64 proc108 7.44 81.59
64.95 proc109 8.33 100.56
53.77 proc110 0.25 73.10
37.23 proc111 3.47 75.03
29.60 proc112 0.04 119.07
27.74 proc113 3.68 45.47
9.90 proc114 2.01 16.77
59.37 proc115 9.13 78.50
33.50 proc116 9.37 183.26
27.06 proc117 4.67 65.98
71.44 proc118 7.55 224.91
22.69 proc119 6.22 149.81
36.33 proc120 3.39 164.40
45.86 proc121 8.35 80.94
63.03 proc122 2.30 92.60
32.75 proc123 5.99 121.26
39.77 proc124 7.31 159.82
42.20 proc125 5.23 147.19
47.20 proc126 9.70 147.17
42.40 proc127 3.30 56.03
59.52 proc128 2.83 185.99
57.48 proc129 5.85 130.21
42.94 proc130 0.70 161.28
30.28 proc131 6.81 129.99
43.65 proc132 5.22 176.19
57.29 proc133 9.58 134.12
23.55 proc134 4.88 55.39
4.91 proc135 0.51 110.82
54.79 proc136 6.80 162.43
24.93 proc137 2.46 27.79
30.09 proc138 0.39 73.32
16.91 proc139 8.06 155.61
50.35 proc140 3.78 195.23
34.17 proc141 7.82 135.27
5.62 proc142 3.64 30.77
69.28 proc143 1.28 85.80
27.91 proc144 4.42 120.83
41.38 proc145 5.07 142.64
19.08 proc146 2.38 69.72
69.50 proc147 5.70 160.33
69.70 proc148 9.72 170.46
16.12 proc149 1.97 80.01
