28.73 proc0 4.02 67.17
54.44 proc1 5.49 207.64
16.27 proc2 1.55 22.46
12.72 proc3 5.75 62.38
38.18 proc4 5.45 74.03
68.70 proc5 6.48 189.42
19.39 proc6 9.03 82.20
63.59 proc7 8.10 212.55
8.61 proc8 2.91 135.73
0.58 proc9 7.89 148.21
64.15 proc10 1.72 115.84
6.36 proc11 8.97 147.69
5.22 proc12 1.14 11.92
7.54 proc13 2.84 102.19
29.49 proc14 7.93 61.01
44.68 proc15 7.09 172.51
26.80 proc16 9.68 142.69
53.70 proc17 8.16 139.51
49.13 proc18 9.30 179.74
36.23 proc19 9.38 135.21
31.11 proc20 7.94 154.37
56.09 proc21 8.78 164.83
47.27 proc22 9.48 173.87
50.05 proc23 0.48 60.27
20.95 proc24 4.42 154.09
32.75 proc25 0.37 118.22
18.11 proc26 3.95 102.31
71.22 proc27 1.11 124.92
35.05 proc28 7.66 84.86
20.70 proc29 2.49 56.06
65.50 proc30 6.64 74.03
48.16 proc31 4.11 185.93
23.14 proc32 0.42 149.40
6.70 proc33 7.09 146.89
11.57 proc34 9.88 70.79
0.93 proc35 4.25 60.11
43.48 proc36 6.66 164.28
8.60 proc37 6.16 145.50
34.90 proc38 0.83 131.32
55.97 proc39 3.59 192.48
72.41 proc40 2.33 157.18
73.36 proc41 8.75 226.26
65.19 proc42 1.83 67.42
53.11 proc43 2.73 162.57
44.66 proc44 4.27 153.90
69.33 proc45 4.39 92.43
21.79 proc46 0.19 140.66
3.86 proc47 1.34 66.28
69.23 proc48 5.99 148.80
42.03 proc49 3.45 172.96
33.48 proc50 3.11 48.96
74.70 proc51 2.89 221.18
71.78 proc52 1.58 94.45
71.98 proc53 8.66 142.63
50.34 proc54 4.62 180.99
27.83 proc55 3.86 73.62
37.18 proc56 6.77 88.73
21.52 proc57 7.28 93.64
52.05 proc58 6.51 63.26
13.84 proc59 2.12 72.44
2.58 proc60 6.58 112.26
8.76 proc61 6.54 161.74
5.56 proc62 6.11 31.82
16.10 proc63 5.71 21.89
47.10 proc64 2.42 118.85
35.11 proc65 6.13 168.48
56.08 proc66 1.09 135.90
3.47 proc67 3.96 45.38
35.89 proc68 0.90 172.43
38.24 proc69 2.74 58.37
66.48 proc70 3.09 185.68
43.03 proc71 4.26 111.52
41.25 proc72 5.00 52.16
51.32 proc73 7.14 150.02
51.36 proc74 3.42 182.65
11.02 proc75 8.10 88.97
74.64 proc76 5.58 166.40
39.00 proc77 6.04 190.59
57.98 proc78 0.83 67.83
50.80 proc79 5.93 106.91
59.50 proc80 4.79 160.79
42.56 proc81 0.53 53.42
74.67 proc82 6.03 165.99
2.63 proc83 2.87 47.95
48.41 proc84 9.72 151.92
37.35 proc85 1.19 103.89
72.27 proc86 1.14 222.49
40.36 proc87 6.34 136.45
38.13 proc88 4.07 144.41
42.64 proc89 0.85 84.61
67.73 proc90 8.78 189.52
40.98 proc91 4.45 166.37
46.15 proc92 4.41 111.93
13.79 proc93 4.76 122.99
35.01 proc94 1.22 136.45
6.91 proc95 6.20 131.15
39.58 proc96 5.83 180.57
39.13 proc97 1.21 120.61
9.00 proc98 6.30 156.65
60.10 proc99 1.98 66.12
5.67 proc100 1.01 142.41
62.17 proc101 6.48 121.18
47.64 proc102 2.63 168.96
3.33 proc103 4.47 47.91
55.55 proc104 9.14 123.04
30.66 proc105 0.06 32.01
14.68 proc106 5.34 108.80
7.26 proc107 0.55 114.80
47.39 proc108 1.75 100.60
43.07 proc109 9.77 134.03
45.09 proc110 0.52 142.02
37.95 proc111 8.81 90.33
64.22 proc112 5.16 152.41
48.56 proc113 5.61 54.23
68.61 proc114 3.01 208.75
22.79 proc115 7.10 167.88
23.44 proc116 9.06 100.53
67.83 proc117 0.03 144.17
46.32 proc118 6.35 155.28
72.05 proc119 2.09 173.25
37.65 proc120 8.10 152.69
10.85 proc121 3.16 103.12
32.64 proc122 1.72 50.93
74.15 proc123 8.20 183.03
74.18 proc124 7.35 227.41
67.74 proc125 0.38 170.53
61.73 proc126 3.51 153.53
20.75 proc127 2.55 111.98
58.91 proc128 8.73 101.49
35.21 proc129 8.34 108.71
9.76 proc130 3.36 49.77
63.23 proc131 4.80 152.08
32.79 proc132 9.16 151.81
41.07 proc133 9.04 132.93
16.42 proc134 8.93 68.33
14.36 proc135 7.96 71.07
65.57 proc136 6.20 173.14
34.71 proc137 8.96 183.36
4.05 proc138 6.82 131.50
20.97 proc139 1.51 118.17
53.56 proc140 2.81 202.41
71.88 proc141 1.24 141.22
38.90 proc142 5.62 99.95
18.83 proc143 1.09 60.99
60.24 proc144 3.28 88.58
6.73 proc145 5.20 156.46
31.10 proc146 3.94 122.51
6.79 proc147 8.57 87.26
1.63 proc148 9.11 34.89
61.95 proc149 1.90 110.67
