39.40 proc0 4.90 108.40
67.98 proc1 6.17 113.84
26.75 proc2 8.62 69.33
43.92 proc3 5.69 144.44
8.13 proc4 9.97 125.04
71.78 proc5 4.70 226.46
42.44 proc6 2.46 163.34
3.32 proc7 6.12 20.30
66.44 proc8 3.17 163.23
23.48 proc9 7.02 124.26
18.03 proc10 2.28 37.61
50.08 proc11 1.34 161.34
69.93 proc12 4.91 164.09
11.91 proc13 0.76 37.22
59.32 proc14 1.85 85.26
37.79 proc15 1.42 133.80
37.78 proc16 7.08 176.34
22.01 proc17 7.52 102.80
27.44 proc18 6.38 154.70
74.24 proc19 9.51 160.00
46.12 proc20 1.91 158.43
54.77 proc21 8.59 193.88
34.73 proc22 7.92 96.78
4.36 proc23 9.50 79.46
16.64 proc24 7.41 117.37
28.68 proc25 2.45 145.74
0.98 proc26 7.49 79.24
66.72 proc27 0.42 100.73
28.36 proc28 4.08 161.72
13.80 proc29 3.98 139.73
51.93 proc30 0.13 52.72
32.13 proc31 7.43 169.11
22.38 proc32 2.06 122.74
49.45 proc33 2.64 142.94
7.25 proc34 4.86 64.14
53.91 proc35 8.69 151.39
36.21 proc36 8.82 96.16
71.59 proc37 7.72 136.78
13.39 proc38 1.50 133.57
3.03 proc39 3.34 34.75
64.00 proc40 0.26 94.58
64.33 proc41 4.54 210.69
54.11 proc42 7.53 84.40
28.26 proc43 4.12 94.81
73.68 proc44 5.09 214.15
24.69 proc45 2.28 142.67
69.09 proc46 7.10 174.18
19.65 proc47 6.65 90.02
48.39 proc48 8.43 142.99
32.73 proc49 8.84 177.80
46.92 proc50 7.37 194.44
62.08 proc51 5.95 126.35
57.99 proc52 3.16 82.40
69.37 proc53 6.93 159.38
25.59 proc54 6.75 41.75
18.28 proc55 0.05 61.88
1.13 proc56 9.26 10.50
50.13 proc57 1.88 151.86
6.99 proc58 8.33 91.69
50.07 proc59 2.69 111.71
43.19 proc60 8.95 71.66
38.26 proc61 7.23 154.25
67.42 proc62 4.96 78.59
3.05 proc63 4.21 117.43
44.59 proc64 7.62 113.70
49.29 proc65 0.06 111.54
71.07 proc66 0.21 122.34
71.12 proc67 6.89 157.25
46.05 proc68 7.82 108.05
9.24 proc69 4.50 108.31
38.72 proc70 0.26 117.79
48.47 proc71 5.36 91.07
27.85 proc72 4.35 143.83
30.95 proc73 4.76 60.47
11.04 proc74 0.70 150.81
41.79 proc75 7.27 188.99
72.88 proc76 6.75 222.68
23.42 proc77 6.23 126.07
63.03 proc78 2.37 129.17
15.12 proc79 3.60 149.98
62.41 proc80 8.77 206.30
26.82 proc81 5.23 97.58
45.43 proc82 8.94 185.15
26.24 proc83 3.07 81.42
38.62 proc84 4.54 105.79
33.16 proc85 0.11 54.98
28.12 proc86 9.83 160.89
24.64 proc87 2.95 94.01
72.86 proc88 1.36 176.21
29.74 proc89 3.37 39.17
20.37 proc90 1.70 159.62
12.94 proc91 5.27 84.20
45.70 proc92 1.33 97.16
36.09 proc93 4.83 137.10
62.15 proc94 9.98 86.44
18.46 proc95 4.40 38.88
29.31 proc96 8.15 50.96
15.78 proc97 1.43 75.03
48.99 proc98 1.15 128.33
24.98 proc99 5.11 158.90
28.01 proc100 7.83 40.07
21.79 proc101 9.55 114.63
54.78 proc102 5.65 163.64
4.85 proc103 0.46 30.93
52.94 proc104 8.75 86.96
60.10 proc105 1.21 152.55
68.11 proc106 5.11 136.69
74.86 proc107 7.22 167.04
28.77 proc108 3.75 134.69
67.87 proc109 7.08 103.82
57.27 proc110 0.82 204.39
59.39 proc111 3.72 202.73
26.03 proc112 1.03 101.39
2.64 proc113 1.67 85.54
15.45 proc114 8.73 86.60
28.09 proc115 6.74 115.36
73.72 proc116 5.82 86.79
30.45 proc117 5.81 151.78
72.93 proc118 9.64 104.36
49.01 proc119 8.69 185.72
63.45 proc120 6.33 210.03
61.60 proc121 4.24 111.92
56.41 proc122 7.72 125.59
18.58 proc123 8.07 113.18
59.19 proc124 0.13 126.81
15.41 proc125 3.87 37.91
55.67 proc126 3.70 165.37
59.29 proc127 7.76 110.13
42.06 proc128 7.49 87.25
52.95 proc129 4.02 75.03
41.96 proc130 2.48 157.39
37.09 proc131 0.69 64.41
60.13 proc132 8.22 210.70
15.86 proc133 0.69 129.93
59.13 proc134 8.58 183.00
17.87 proc135 0.64 41.90
27.19 proc136 8.06 114.16
5.19 proc137 5.97 56.49
26.73 proc138 1.57 35.91
45.58 proc139 8.64 122.13
54.61 proc140 4.23 163.96
36.08 proc141 9.17 160.79
49.40 proc142 7.19 145.34
45.58 proc143 9.31 154.02
27.27 proc144 7.19 112.36
9.91 proc145 9.57 106.97
21.61 proc146 3.20 83.21
61.06 proc147 3.89 212.86
8.73 proc148 7.45 37.72
12.54 proc149 3.53 17.13
