39.88 proc0 3.78 124.94
48.34 proc1 1.51 95.67
66.04 proc2 4.22 199.11
50.58 proc3 6.29 170.63
30.96 proc4 3.53 56.34
50.15 proc5 7.34 183.42
68.37 proc6 8.70 194.65
12.43 proc7 0.22 110.99
36.23 proc8 1.61 124.09
50.19 proc9 8.37 103.74
40.29 proc10 3.69 145.86
5.93 proc11 0.13 130.62
28.84 proc12 8.94 75.69
18.26 proc13 5.68 156.21
0.14 proc14 9.81 45.10
11.06 proc15 6.50 162.75
74.03 proc16 5.62 205.35
57.82 proc17 7.27 194.07
31.99 proc18 2.10 37.26
0.11 proc19 8.80 137.64
22.70 proc20 4.17 60.93
73.64 proc21 4.96 114.67
60.91 proc22 8.80 89.88
4.87 proc23 1.24 111.52
71.00 proc24 1.26 174.86
13.57 proc25 2.73 66.39
11.17 proc26 2.60 148.09
74.02 proc27 0.31 167.74
63.51 proc28 4.58 193.04
65.10 proc29 4.59 176.57
54.47 proc30 7.62 81.46
71.50 proc31 7.43 172.68
14.54 proc32 5.56 95.88
24.62 proc33 6.21 125.18
2.33 proc34 5.67 121.20
53.63 proc35 7.48 65.29
3.68 proc36 8.97 55.85
70.83 proc37 8.84 127.54
42.54 proc38 7.31 166.34
30.02 proc39 5.99 71.35
8.45 proc40 3.25 161.29
18.14 proc41 2.78 132.03
65.01 proc42 4.72 114.18
27.90 proc43 8.00 173.44
0.08 proc44 8.32 81.00
56.68 proc45 5.47 96.96
58.77 proc46 5.96 84.09
5.37 proc47 5.40 12.73
29.30 proc48 1.07 141.95
12.55 proc49 5.07 69.02
30.22 proc50 6.20 136.57
30.02 proc51 8.62 180.53
10.57 proc52 7.29 80.59
32.79 proc53 1.01 66.60
26.56 proc54 1.02 35.10
62.86 proc55 8.58 160.95
5.27 proc56 6.41 40.53
14.95 proc57 7.13 131.94
15.93 proc58 1.04 142.92
71.72 proc59 2.71 126.50
22.42 proc60 6.74 174.25
72.50 proc61 0.74 197.64
68.44 proc62 2.15 154.33
24.81 proc63 6.52 130.22
41.21 proc64 0.06 155.46
44.97 proc65 8.44 146.27
14.73 proc66 9.15 62.93
29.15 proc67 1.14 176.27
9.08 proc68 3.26 23.86
72.06 proc69 2.83 127.02
23.09 proc70 5.82 32.11
20.64 proc71 5.48 40.42
7.84 proc72 4.61 58.98
49.71 proc73 7.92 201.98
24.15 proc74 3.41 172.86
6.25 proc75 9.41 137.61
52.68 proc76 1.37 163.19
72.21 proc77 5.26 203.70
70.20 proc78 6.47 101.85
0.95 proc79 6.08 74.62
27.02 proc80 9.15 41.01
28.62 proc81 1.91 117.60
35.77 proc82 2.95 44.92
59.03 proc83 9.58 193.55
56.21 proc84 2.80 85.11
53.86 proc85 3.63 74.68
39.84 proc86 0.65 78.22
19.42 proc87 0.28 136.26
7.53 proc88 9.64 80.75
20.13 proc89 9.77 34.61
53.92 proc90 3.37 199.32
56.34 proc91 7.19 84.14
24.88 proc92 1.95 91.71
27.98 proc93 9.83 96.35
15.46 proc94 7.32 123.28
28.50 proc95 4.50 37.98
37.09 proc96 9.82 61.71
55.95 proc97 2.40 77.39
39.23 proc98 3.41 56.30
71.02 proc99 6.09 87.30
73.38 proc100 3.28 137.40
69.39 proc101 0.79 88.72
4.70 proc102 4.11 56.66
37.13 proc103 7.84 90.22
66.40 proc104 9.90 81.36
41.65 proc105 3.70 117.96
44.14 proc106 8.65 122.63
51.54 proc107 6.11 163.55
61.05 proc108 1.34 69.43
67.88 proc109 0.81 167.11
72.98 proc110 0.59 221.23
28.35 proc111 9.85 47.77
37.61 proc112 0.47 109.36
61.54 proc113 5.42 105.89
9.16 proc114 4.28 50.94
11.69 proc115 9.83 114.59
48.00 proc116 5.72 126.54
7.92 proc117 2.59 24.99
60.87 proc118 0.73 96.21
64.39 proc119 9.78 120.94
38.60 proc120 9.51 103.81
37.42 proc121 3.29 94.11
42.21 proc122 8.30 111.01
2.85 proc123 6.51 151.20
22.31 proc124 7.73 86.04
41.06 proc125 9.29 103.80
12.59 proc126 5.69 157.46
49.01 proc127 6.75 83.74
56.25 proc128 4.86 100.01
73.55 proc129 3.45 112.58
21.94 proc130 8.59 58.74
49.79 proc131 3.58 130.90
1.49 proc132 9.21 62.78
31.74 proc133 9.59 191.05
27.66 proc134 2.57 145.91
55.66 proc135 8.04 168.74
7.38 proc136 9.72 57.50
1.97 proc137 6.25 149.80
15.97 proc138 3.75 84.22
35.41 proc139 3.56 155.18
53.20 proc140 6.49 154.78
67.31 proc141 3.12 219.26
31.07 proc142 3.32 171.40
57.11 proc143 7.55 195.53
56.97 proc144 1.24 77.57
39.82 proc145 8.66 188.43
17.34 proc146 9.65 162.73
37.53 proc147 9.91 126.99
33.32 proc148 2.04 171.20
65.57 proc149 6.76 111.58
