29.38 proc0 2.93 84.35
34.99 proc1 5.88 120.25
55.79 proc2 2.21 158.19
19.64 proc3 6.42 89.74
61.31 proc4 9.09 91.76
47.42 proc5 9.20 148.14
8.23 proc6 0.38 63.17
35.70 proc7 2.32 118.38
16.50 proc8 6.49 142.32
65.52 proc9 9.39 94.10
49.81 proc10 3.31 116.33
0.83 proc11 7.97 10.21
40.52 proc12 5.41 80.44
15.62 proc13 8.03 154.51
47.46 proc14 6.20 170.84
58.14 proc15 2.53 165.91
28.90 proc16 3.62 143.45
56.18 proc17 8.38 210.24
21.36 proc18 0.58 114.93
6.03 proc19 9.32 99.21
15.62 proc20 5.96 155.07
47.23 proc21 6.07 156.39
47.94 proc22 1.47 83.68
65.19 proc23 3.56 73.47
55.62 proc24 9.88 163.29
39.21 proc25 7.64 182.54
16.83 proc26 1.49 58.37
72.29 proc27 8.98 97.09
70.13 proc28 1.83 96.52
41.62 proc29 2.63 58.61
8.55 proc30 4.72 117.04
0.30 proc31 1.01 46.14
51.84 proc32 7.40 126.18
68.98 proc33 6.10 195.35
71.33 proc34 3.51 193.38
45.22 proc35 8.74 137.04
38.07 proc36 0.99 144.47
58.10 proc37 0.62 148.84
66.00 proc38 9.98 193.53
3.28 proc39 5.53 15.85
10.46 proc40 6.67 94.90
62.34 proc41 6.71 162.03
9.76 proc42 3.62 67.43
43.23 proc43 2.82 191.55
28.36 proc44 2.33 78.90
12.63 proc45 8.36 50.32
54.16 proc46 3.43 101.71
31.87 proc47 1.18 86.54
1.93 proc48 9.98 65.03
60.70 proc49 0.42 197.13
64.22 proc50 1.81 152.03
28.11 proc51 0.12 64.82
74.60 proc52 1.42 166.89
26.63 proc53 7.19 166.90
24.38 proc54 0.97 43.33
48.48 proc55 2.65 194.46
63.15 proc56 9.88 117.83
10.21 proc57 4.12 76.81
36.95 proc58 4.38 103.49
63.51 proc59 2.48 134.39
56.51 proc60 1.04 153.13
24.51 proc61 4.79 126.73
42.81 proc62 4.73 166.34
13.24 proc63 8.28 98.14
4.78 proc64 1.53 97.48
13.77 proc65 8.00 152.73
10.43 proc66 6.42 145.94
32.83 proc67 7.78 81.57
64.08 proc68 2.71 173.46
20.16 proc69 1.18 165.15
54.36 proc70 8.71 72.47
27.15 proc71 1.98 110.33
0.86 proc72 7.69 10.76
60.26 proc73 9.45 196.18
23.57 proc74 0.09 173.15
69.15 proc75 1.92 190.55
59.63 proc76 3.32 128.71
49.18 proc77 7.69 89.33
69.65 proc78 6.24 148.96
47.99 proc79 8.92 147.62
44.90 proc80 6.17 122.43
49.60 proc81 9.79 160.44
15.20 proc82 9.91 91.45
16.30 proc83 7.94 82.37
4.54 proc84 1.08 65.07
4.28 proc85 0.30 92.91
64.02 proc86 8.25 210.33
21.90 proc87 4.81 130.17
38.14 proc88 4.10 89.24
74.67 proc89 0.50 106.04
45.02 proc90 6.48 174.96
5.70 proc91 3.10 129.13
56.23 proc92 5.12 180.27
14.40 proc93 7.30 109.73
43.46 proc94 7.90 155.64
73.19 proc95 8.47 190.48
42.35 proc96 7.01 131.99
36.37 proc97 9.93 51.09
13.10 proc98 5.02 84.36
36.60 proc99 4.97 115.27
52.04 proc100 0.97 73.95
38.76 proc101 1.74 107.88
23.93 proc102 9.23 177.39
8.39 proc103 1.15 113.22
52.41 proc104 6.95 131.57
29.55 proc105 6.71 85.57
8.96 proc106 2.35 15.77
50.27 proc107 7.20 60.89
52.66 proc108 8.95 140.26
10.79 proc109 3.83 17.83
47.63 proc110 0.77 66.23
58.10 proc111 5.94 107.90
16.80 proc112 9.13 58.26
13.91 proc113 0.24 63.78
65.75 proc114 7.23 76.82
26.86 proc115 1.17 132.45
51.51 proc116 2.37 193.58
53.75 proc117 9.07 160.54
55.45 proc118 6.09 143.50
19.78 proc119 7.53 166.68
21.38 proc120 3.88 26.15
30.30 proc121 1.63 121.84
52.23 proc122 3.87 132.89
68.40 proc123 5.72 154.58
18.21 proc124 4.49 61.64
20.13 proc125 8.07 84.71
72.34 proc126 4.94 169.27
67.19 proc127 2.10 147.31
41.05 proc128 9.50 69.93
7.03 proc129 2.13 141.47
1.72 proc130 4.98 47.20
2.16 proc131 9.02 76.09
47.12 proc132 5.99 176.00
10.51 proc133 5.11 74.33
50.75 proc134 7.54 184.31
70.22 proc135 0.22 167.49
23.47 proc136 9.86 54.44
69.47 proc137 8.82 130.95
33.48 proc138 4.30 82.89
43.17 proc139 5.23 125.52
34.32 proc140 5.46 41.67
54.57 proc141 5.75 197.58
12.02 proc142 2.03 91.14
73.47 proc143 3.44 80.61
27.82 proc144 0.20 144.78
15.83 proc145 9.56 145.45
64.36 proc146 2.69 185.08
74.91 proc147 1.96 177.25
26.24 proc148 6.42 47.50
48.80 proc149 2.18 144.32
