18.90 proc0 2.09 43.74
21.66 proc1 0.25 134.80
8.06 proc2 0.19 154.74
63.72 proc3 6.56 83.81
16.68 proc4 4.65 42.13
44.72 proc5 1.07 102.78
23.11 proc6 7.06 171.60
21.48 proc7 9.42 168.14
34.27 proc8 6.37 117.90
5.86 proc9 5.42 79.30
59.31 proc10 7.94 166.61
70.69 proc11 0.83 174.60
52.14 proc12 1.90 159.96
50.39 proc13 0.40 105.05
57.15 proc14 2.62 183.82
67.55 proc15 8.58 216.30
21.05 proc16 1.67 118.81
16.76 proc17 4.53 108.69
10.38 proc18 9.10 52.44
49.01 proc19 9.88 173.19
8.02 proc20 7.79 99.23
57.70 proc21 7.21 160.78
34.23 proc22 4.17 162.82
12.19 proc23 0.88 143.48
39.33 proc24 8.50 67.57
26.35 proc25 7.51 182.37
21.43 proc26 0.32 45.25
69.48 proc27 2.55 163.47
38.18 proc28 3.94 120.05
54.66 proc29 0.47 131.26
36.80 proc30 1.54 81.30
3.51 proc31 9.23 13.92
51.45 proc32 3.80 118.90
38.65 proc33 5.42 121.00
28.86 proc34 0.67 84.01
38.73 proc35 4.18 60.07
37.99 proc36 7.04 66.95
49.74 proc37 6.30 116.25
20.46 proc38 1.39 141.11
59.42 proc39 8.68 194.44
22.49 proc40 3.59 175.52
43.97 proc41 4.05 185.98
44.56 proc42 0.91 90.41
1.39 proc43 6.07 133.75
39.85 proc44 9.92 186.08
67.09 proc45 5.08 121.20
0.67 proc46 0.14 5.41
11.63 proc47 6.78 117.52
41.74 proc48 9.50 171.23
26.37 proc49 7.43 133.96
14.54 proc50 0.42 18.92
14.26 proc51 6.29 85.32
8.24 proc52 2.23 88.94
30.71 proc53 2.41 52.61
18.86 proc54 7.73 44.80
12.02 proc55 6.67 113.09
36.53 proc56 6.76 139.85
38.83 proc57 8.31 95.33
13.38 proc58 3.88 58.00
73.37 proc59 7.39 82.90
48.46 proc60 9.33 66.30
50.43 proc61 1.23 154.49
7.82 proc62 2.33 146.40
47.05 proc63 6.43 75.93
56.80 proc64 8.94 204.08
65.90 proc65 0.54 154.86
38.10 proc66 5.41 83.34
11.39 proc67 0.59 26.48
35.48 proc68 2.38 110.52
55.85 proc69 2.16 91.58
56.92 proc70 8.62 89.09
61.18 proc71 5.34 108.57
37.59 proc72 6.39 121.01
30.72 proc73 2.66 56.81
41.95 proc74 0.23 49.73
36.12 proc75 9.02 60.84
5.32 proc76 4.10 106.34
25.23 proc77 5.62 136.64
32.48 proc78 0.35 174.25
68.81 proc79 7.80 100.40
10.60 proc80 5.39 19.06
22.37 proc81 3.54 109.13
43.39 proc82 8.56 80.95
6.91 proc83 2.65 78.45
18.62 proc84 8.24 99.23
22.40 proc85 3.06 83.11
30.25 proc86 3.77 153.16
3.72 proc87 7.13 64.25
56.61 proc88 1.46 116.70
52.32 proc89 0.64 78.52
64.22 proc90 2.05 172.60
65.75 proc91 5.03 80.27
32.36 proc92 0.82 170.99
46.87 proc93 1.74 76.19
6.31 proc94 4.22 11.78
42.49 proc95 7.21 96.84
71.32 proc96 1.24 176.23
55.88 proc97 1.74 118.29
7.58 proc98 9.29 99.50
36.89 proc99 6.26 135.38
49.67 proc100 4.83 177.50
27.84 proc101 3.59 79.95
32.58 proc102 7.91 101.30
26.48 proc103 4.16 117.57
40.27 proc104 5.00 45.55
40.89 proc105 0.67 149.99
64.46 proc106 0.17 191.73
41.30 proc107 7.63 52.12
71.63 proc108 8.64 222.79
37.95 proc109 3.56 127.98
9.06 proc110 0.18 18.12
70.56 proc111 3.89 137.23
19.82 proc112 8.23 59.47
50.23 proc113 1.76 145.78
18.69 proc114 7.13 44.60
18.84 proc115 2.59 50.17
73.05 proc116 1.18 105.59
61.60 proc117 6.69 214.03
63.20 proc118 6.24 194.72
59.45 proc119 1.30 89.36
27.69 proc120 2.51 61.48
32.13 proc121 1.92 123.66
63.52 proc122 4.56 131.19
4.23 proc123 1.26 95.05
51.12 proc124 3.75 101.44
60.51 proc125 6.26 152.13
74.89 proc126 6.00 183.96
15.57 proc127 4.21 73.17
13.44 proc128 2.64 163.05
1.08 proc129 0.57 18.10
15.38 proc130 4.26 73.71
31.02 proc131 8.54 122.36
0.83 proc132 7.01 9.02
32.38 proc133 7.58 59.97
2.17 proc134 4.39 82.80
25.45 proc135 2.46 48.05
68.13 proc136 2.45 180.71
44.66 proc137 4.52 72.53
71.36 proc138 6.31 140.61
69.84 proc139 6.46 147.74
3.07 proc140 8.51 146.91
30.10 proc141 2.65 146.23
71.50 proc142 2.76 142.94
72.09 proc143 7.07 111.51
7.10 proc144 7.36 112.71
45.22 proc145 0.76 181.16
55.28 proc146 9.84 87.01
35.35 proc147 5.80 130.88
47.02 proc148 5.31 86.79
3.49 proc149 4.62 139.45
