7.25 proc0 7.26 64.19
64.66 proc1 9.15 137.15
32.57 proc2 2.42 130.56
24.99 proc3 0.90 117.56
60.35 proc4 6.44 168.75
62.02 proc5 0.05 104.53
47.62 proc6 2.20 124.10
70.84 proc7 7.07 103.70
41.99 proc8 2.39 154.92
28.65 proc9 9.61 120.29
42.57 proc10 0.57 84.02
67.41 proc11 9.19 104.70
24.08 proc12 3.54 91.98
71.87 proc13 6.87 156.64
42.70 proc14 4.92 72.15
18.67 proc15 3.19 47.19
39.90 proc16 9.53 107.77
2.04 proc17 8.98 25.37
14.94 proc18 4.58 69.74
70.21 proc19 8.40 122.92
36.22 proc20 4.07 93.20
56.66 proc21 3.06 100.54
70.71 proc22 6.27 170.86
27.89 proc23 5.86 80.66
66.84 proc24 1.55 189.05
4.11 proc25 4.04 26.59
16.77 proc26 9.36 37.59
45.94 proc27 9.63 201.72
53.11 proc28 1.62 119.55
3.22 proc29 0.99 45.00
25.38 proc30 5.81 133.10
51.83 proc31 3.37 203.05
72.24 proc32 2.80 166.99
44.18 proc33 6.52 80.49
67.64 proc34 5.43 126.10
52.97 proc35 5.98 172.56
62.19 proc36 8.21 174.41
67.92 proc37 4.34 170.74
65.99 proc38 1.42 190.25
23.40 proc39 1.85 162.87
43.79 proc40 5.23 123.87
19.74 proc41 2.14 147.28
18.67 proc42 1.78 37.79
64.64 proc43 7.67 187.40
4.54 proc44 6.68 57.72
31.06 proc45 3.75 170.93
12.87 proc46 2.04 124.21
64.87 proc47 1.09 90.31
39.12 proc48 9.89 94.63
25.54 proc49 3.01 101.89
19.35 proc50 8.85 30.03
56.77 proc51 1.48 92.24
44.47 proc52 3.97 109.06
53.14 proc53 2.59 81.35
35.69 proc54 3.20 164.77
58.93 proc55 7.34 98.36
52.00 proc56 9.06 123.73
31.65 proc57 7.71 118.44
43.82 proc58 2.92 124.23
66.63 proc59 6.33 195.63
28.30 proc60 8.91 142.66
29.21 proc61 6.48 163.41
46.20 proc62 2.41 85.93
1.51 proc63 9.49 87.22
14.32 proc64 4.25 142.76
2.26 proc65 2.11 88.66
18.30 proc66 9.04 97.47
49.64 proc67 3.26 88.60
14.19 proc68 9.10 102.81
52.93 proc69 7.99 85.33
39.27 proc70 1.76 49.05
16.99 proc71 5.65 127.82
5.85 proc72 1.81 148.92
24.52 proc73 2.02 160.16
62.63 proc74 3.92 113.92
49.72 proc75 4.23 132.93
16.87 proc76 6.67 88.13
51.93 proc77 3.29 168.71
69.78 proc78 5.18 174.99
34.54 proc79 2.23 106.60
46.75 proc80 7.47 150.44
50.76 proc81 9.73 91.52
28.35 proc82 0.52 87.10
23.97 proc83 3.78 116.23
15.79 proc84 2.13 165.26
39.47 proc85 8.76 108.97
3.97 proc86 1.01 15.70
36.26 proc87 7.94 104.20
18.01 proc88 7.24 162.89
68.03 proc89 1.85 91.02
27.94 proc90 8.08 169.20
1.05 proc91 4.85 135.10
16.56 proc92 8.63 162.13
45.68 proc93 1.83 91.21
14.91 proc94 3.93 94.57
13.58 proc95 9.19 79.97
43.95 proc96 9.72 126.07
49.31 proc97 4.56 95.32
4.31 proc98 6.96 11.35
73.13 proc99 6.03 106.95
8.70 proc100 9.75 167.47
0.29 proc101 9.89 81.94
64.89 proc102 2.10 118.18
58.36 proc103 8.19 145.12
5.21 proc104 0.18 142.92
43.08 proc105 1.99 170.50
71.67 proc106 7.85 200.80
32.87 proc107 4.43 76.93
53.60 proc108 5.00 202.63
53.64 proc109 4.75 142.86
67.54 proc110 5.91 154.24
67.05 proc111 5.95 152.20
27.92 proc112 4.60 143.26
53.52 proc113 2.38 139.52
17.80 proc114 3.08 107.21
11.56 proc115 8.82 136.60
74.28 proc116 8.38 166.65
59.91 proc117 2.76 63.06
4.73 proc118 9.91 90.03
1.75 proc119 7.06 155.45
43.98 proc120 6.06 135.34
9.37 proc121 5.00 38.90
48.97 proc122 8.73 151.24
29.34 proc123 5.86 164.47
71.15 proc124 8.23 104.81
39.32 proc125 9.78 56.82
22.43 proc126 9.68 165.49
64.42 proc127 7.67 96.86
64.61 proc128 8.30 96.28
27.31 proc129 8.53 165.08
25.63 proc130 4.40 100.22
68.28 proc131 5.65 219.16
5.54 proc132 2.18 133.85
52.31 proc133 6.09 122.45
41.94 proc134 5.58 85.10
54.65 proc135 0.82 89.70
58.51 proc136 3.81 91.76
50.20 proc137 2.40 197.07
62.59 proc138 1.01 182.58
74.27 proc139 4.65 175.90
63.89 proc140 8.07 84.89
23.98 proc141 7.18 128.79
21.60 proc142 7.91 159.80
9.67 proc143 4.89 86.18
41.69 proc144 0.48 47.43
60.48 proc145 7.77 85.79
2.59 proc146 5.57 82.83
17.31 proc147 2.26 130.22
14.55 proc148 0.61 141.01
74.04 proc149 0.51 120.22
