23.81 proc0 5.54 94.94
0.53 proc1 2.86 133.09
12.13 proc2 8.35 132.82
0.65 proc3 6.14 147.15
46.07 proc4 2.54 73.19
19.04 proc5 8.76 149.74
2.25 proc6 5.54 104.04
42.19 proc7 6.25 110.94
2.22 proc8 2.13 28.33
21.33 proc9 1.65 124.90
23.39 proc10 4.82 63.20
56.18 proc11 4.90 138.90
46.03 proc12 6.51 105.68
27.20 proc13 6.60 179.04
22.38 proc14 2.74 58.46
34.67 proc15 5.28 54.76
20.64 proc16 5.58 124.10
68.76 proc17 1.21 111.62
25.01 proc18 1.50 100.18
37.01 proc19 4.35 139.76
12.96 proc20 7.47 41.20
30.46 proc21 4.96 129.62
69.37 proc22 1.09 112.37
20.93 proc23 4.72 166.57
18.56 proc24 7.71 58.32
35.22 proc25 2.33 148.85
42.63 proc26 5.08 92.74
16.57 proc27 4.25 83.96
37.39 proc28 7.58 130.67
74.22 proc29 2.52 77.64
48.42 proc30 4.25 165.55
58.81 proc31 8.31 104.35
30.91 proc32 7.56 92.13
51.87 proc33 0.35 176.69
47.32 proc34 2.82 140.20
63.35 proc35 7.52 195.86
44.00 proc36 3.20 98.39
66.51 proc37 5.41 186.84
23.09 proc38 0.40 102.15
65.93 proc39 0.29 182.66
66.38 proc40 6.75 103.26
47.83 proc41 4.59 57.14
66.44 proc42 8.71 193.22
18.27 proc43 5.63 147.16
5.51 proc44 1.94 23.03
50.54 proc45 0.38 179.27
38.04 proc46 6.25 70.65
63.63 proc47 5.12 176.26
46.09 proc48 8.20 167.73
10.42 proc49 6.99 135.23
68.64 proc50 5.84 143.51
8.70 proc51 2.22 148.79
11.07 proc52 1.08 130.67
70.10 proc53 3.51 126.54
56.73 proc54 4.25 142.94
64.52 proc55 0.99 153.22
53.69 proc56 6.06 91.20
66.87 proc57 4.54 179.64
45.63 proc58 0.69 127.49
27.35 proc59 2.08 65.41
11.26 proc60 1.23 136.06
45.78 proc61 2.39 54.97
39.71 proc62 3.86 66.51
23.98 proc63 3.21 102.79
50.44 proc64 0.77 190.52
16.43 proc65 9.38 29.89
60.28 proc66 6.53 161.75
1.01 proc67 5.45 19.51
55.12 proc68 1.53 80.00
20.71 proc69 5.18 80.37
38.70 proc70 6.68 118.27
25.49 proc71 2.78 136.98
28.89 proc72 8.08 53.62
40.36 proc73 1.28 106.42
3.16 proc74 8.00 87.54
72.81 proc75 0.19 140.01
74.85 proc76 8.23 98.09
47.32 proc77 8.37 152.44
53.84 proc78 5.72 179.32
65.52 proc79 8.48 121.45
17.75 proc80 3.64 169.07
54.20 proc81 7.04 100.68
33.55 proc82 0.89 45.08
41.88 proc83 6.27 77.94
74.27 proc84 6.69 230.79
37.46 proc85 6.40 46.58
70.96 proc86 6.38 203.52
3.47 proc87 2.69 107.82
51.85 proc88 9.87 99.11
36.72 proc89 8.60 59.87
60.45 proc90 0.97 130.53
59.29 proc91 8.20 92.13
4.01 proc92 2.67 44.65
9.33 proc93 8.25 149.59
24.22 proc94 8.16 114.75
24.14 proc95 3.15 55.63
25.50 proc96 2.61 152.12
13.59 proc97 3.07 30.99
64.42 proc98 9.99 86.73
8.12 proc99 4.88 154.35
15.39 proc100 2.94 24.23
49.95 proc101 0.85 179.62
62.28 proc102 1.38 82.52
6.26 proc103 2.63 151.55
72.27 proc104 5.86 193.12
38.45 proc105 9.08 59.77
52.62 proc106 2.48 106.52
39.63 proc107 4.29 141.46
46.79 proc108 2.88 147.02
52.95 proc109 3.96 77.51
48.63 proc110 6.01 119.40
51.57 proc111 2.67 131.75
40.98 proc112 0.98 140.22
50.41 proc113 1.81 189.90
46.74 proc114 1.45 123.73
29.24 proc115 6.57 97.49
35.36 proc116 3.59 137.77
61.07 proc117 8.87 83.09
34.84 proc118 5.11 96.26
8.51 proc119 2.17 126.40
18.81 proc120 8.66 83.38
51.19 proc121 5.53 152.74
14.95 proc122 1.00 126.60
64.08 proc123 7.72 209.62
57.92 proc124 3.95 71.40
20.69 proc125 7.85 136.69
51.53 proc126 2.56 66.11
25.94 proc127 0.71 171.78
32.51 proc128 5.35 109.70
60.67 proc129 6.49 171.60
43.52 proc130 8.99 136.82
71.48 proc131 5.82 94.60
44.48 proc132 7.81 84.55
24.81 proc133 6.36 179.22
18.73 proc134 4.08 80.13
23.49 proc135 6.84 55.40
2.57 proc136 3.71 69.81
8.58 proc137 7.17 89.88
6.15 proc138 1.50 12.05
42.07 proc139 9.59 153.36
19.29 proc140 5.39 111.30
61.44 proc141 4.92 90.30
70.09 proc142 0.85 212.08
11.22 proc143 4.16 101.87
10.24 proc144 6.66 164.58
38.90 proc145 9.79 148.93
51.44 proc146 0.14 57.43
8.20 proc147 1.28 122.83
45.27 proc148 2.10 183.24
47.47 proc149 7.71 184.90
