34.41 proc0 1.42 56.46
51.51 proc1 8.53 82.14
22.56 proc2 5.41 170.12
31.83 proc3 1.05 74.71
53.53 proc4 2.03 157.29
22.18 proc5 6.95 37.45
62.93 proc6 8.92 83.42
19.63 proc7 4.22 32.02
22.86 proc8 7.33 174.21
7.17 proc9 5.71 144.39
52.87 proc10 0.30 55.94
63.18 proc11 7.17 201.01
74.23 proc12 0.18 136.26
70.31 proc13 4.42 152.38
16.22 proc14 1.56 125.83
67.08 proc15 4.52 133.91
71.24 proc16 2.91 120.24
2.03 proc17 5.52 116.92
6.11 proc18 8.57 84.04
3.12 proc19 9.53 17.68
68.87 proc20 6.58 84.98
70.25 proc21 5.00 192.31
60.58 proc22 4.90 185.18
16.51 proc23 4.27 56.78
55.33 proc24 6.44 121.14
34.36 proc25 5.38 166.84
65.51 proc26 4.88 91.09
13.56 proc27 5.15 122.27
68.25 proc28 5.97 156.35
27.92 proc29 6.38 109.36
30.44 proc30 5.56 59.72
35.21 proc31 4.93 138.87
18.73 proc32 3.01 43.96
3.58 proc33 5.21 95.11
21.58 proc34 2.59 57.04
51.27 proc35 7.17 172.02
39.82 proc36 5.90 82.50
50.17 proc37 7.71 171.91
26.95 proc38 6.81 87.27
68.02 proc39 0.53 217.77
30.54 proc40 4.59 117.81
42.40 proc41 9.29 58.33
16.76 proc42 1.78 70.32
27.87 proc43 2.26 160.05
71.03 proc44 5.14 94.89
12.47 proc45 1.98 140.69
69.26 proc46 7.28 141.33
12.65 proc47 3.97 47.09
69.67 proc48 7.57 209.86
21.42 proc49 6.64 168.70
21.03 proc50 0.71 81.28
62.37 proc51 6.36 117.58
65.69 proc52 8.60 149.90
16.58 proc53 2.31 128.44
6.53 proc54 1.78 44.97
15.89 proc55 3.45 85.62
4.01 proc56 2.68 32.24
36.41 proc57 4.37 125.93
51.64 proc58 3.66 103.95
42.95 proc59 6.51 197.64
38.28 proc60 9.32 56.38
68.04 proc61 7.63 179.88
17.47 proc62 6.39 107.00
55.27 proc63 8.60 181.71
35.05 proc64 9.47 189.11
53.37 proc65 1.59 101.25
11.51 proc66 2.13 100.14
24.29 proc67 6.98 33.28
66.86 proc68 3.87 127.59
16.19 proc69 9.59 30.33
15.28 proc70 4.70 164.28
19.67 proc71 3.77 132.24
71.78 proc72 6.10 132.56
38.35 proc73 3.47 75.53
22.26 proc74 8.14 56.22
19.56 proc75 5.26 74.51
42.70 proc76 6.79 131.10
10.95 proc77 0.03 47.31
11.95 proc78 8.95 115.23
40.38 proc79 1.11 129.73
42.65 proc80 3.14 54.51
39.80 proc81 5.77 110.83
19.20 proc82 5.34 31.28
46.54 proc83 0.45 105.77
63.40 proc84 3.42 97.72
1.31 proc85 6.03 117.11
26.15 proc86 1.72 89.56
66.96 proc87 3.18 132.30
10.12 proc88 4.77 61.27
57.29 proc89 0.16 120.41
26.41 proc90 5.84 142.37
30.77 proc91 1.15 78.52
63.40 proc92 3.71 193.76
66.78 proc93 9.91 210.07
21.16 proc94 8.37 64.18
36.62 proc95 8.54 170.18
16.51 proc96 2.03 19.34
47.35 proc97 0.96 96.78
3.43 proc98 2.31 125.78
26.62 proc99 9.95 158.94
58.11 proc100 3.47 121.58
38.16 proc101 7.57 122.97
61.46 proc102 6.02 200.36
49.79 proc103 4.93 186.31
41.48 proc104 7.75 156.34
58.80 proc105 2.63 146.68
46.32 proc106 4.83 166.83
46.72 proc107 1.15 177.90
70.95 proc108 1.60 87.19
55.97 proc109 5.15 74.94
42.16 proc110 2.90 110.88
72.16 proc111 7.99 109.52
35.78 proc112 6.18 161.68
27.22 proc113 2.82 73.66
18.02 proc114 8.35 36.22
71.58 proc115 6.19 127.08
39.20 proc116 2.37 163.35
22.04 proc117 8.60 169.60
12.06 proc118 8.06 33.12
19.38 proc119 5.52 115.19
26.29 proc120 1.14 161.22
59.20 proc121 0.76 163.58
73.88 proc122 5.54 125.79
58.74 proc123 9.16 156.61
5.55 proc124 1.57 71.11
10.48 proc125 1.11 18.48
35.13 proc126 6.34 83.90
21.02 proc127 9.27 51.70
15.50 proc128 0.88 158.66
22.00 proc129 3.47 100.56
67.15 proc130 6.97 166.35
59.04 proc131 4.86 167.60
35.85 proc132 4.72 77.28
59.04 proc133 2.55 85.77
28.39 proc134 3.29 79.36
60.39 proc135 4.68 129.41
63.83 proc136 9.37 82.59
10.05 proc137 2.17 160.73
20.75 proc138 4.24 36.74
16.89 proc139 7.17 87.80
54.43 proc140 6.13 78.87
25.54 proc141 4.00 120.82
2.39 proc142 8.78 23.17
20.74 proc143 6.65 77.62
32.83 proc144 0.43 132.81
56.68 proc145 8.49 84.98
13.85 proc146 7.00 31.19
18.54 proc147 8.34 69.79
17.79 proc148 1.10 125.38
23.67 proc149 3.36 91.09
