5.42 proc0 5.52 157.49
10.63 proc1 3.02 56.63
26.63 proc2 0.48 60.66
41.82 proc3 3.94 152.75
28.51 proc4 5.60 87.85
50.83 proc5 6.95 93.21
43.51 proc6 8.25 123.58
4.37 proc7 4.52 66.23
55.56 proc8 1.78 182.82
20.94 proc9 0.23 90.48
47.58 proc10 0.95 50.71
45.85 proc11 2.37 95.69
67.34 proc12 5.92 127.99
9.11 proc13 1.50 124.44
62.61 proc14 5.30 115.73
14.48 proc15 2.08 18.61
32.19 proc16 7.88 165.88
68.10 proc17 8.46 120.15
21.78 proc18 5.87 97.98
9.51 proc19 8.66 91.96
44.17 proc20 5.00 137.24
45.26 proc21 1.12 169.99
68.99 proc22 0.10 131.51
21.36 proc23 1.31 107.55
3.27 proc24 9.66 27.28
27.18 proc25 1.59 74.26
28.21 proc26 5.88 47.74
16.12 proc27 4.96 161.63
37.91 proc28 7.86 124.35
73.08 proc29 9.13 140.68
34.97 proc30 5.02 173.52
4.00 proc31 1.06 5.35
65.81 proc32 0.26 67.79
22.02 proc33 3.10 46.51
64.46 proc34 3.54 84.27
71.64 proc35 7.16 118.90
19.38 proc36 0.93 148.63
26.21 proc37 3.07 82.03
21.48 proc38 8.13 50.33
60.77 proc39 7.87 76.36
15.01 proc40 2.53 100.60
6.78 proc41 3.07 108.75
6.92 proc42 1.84 111.51
7.79 proc43 4.78 161.86
18.48 proc44 3.37 74.24
26.62 proc45 2.92 39.39
46.67 proc46 5.51 75.91
35.83 proc47 9.00 114.67
62.20 proc48 1.87 105.84
72.56 proc49 9.97 92.37
1.42 proc50 1.97 51.24
42.95 proc51 2.87 139.68
17.41 proc52 3.80 142.68
68.78 proc53 4.84 116.76
68.43 proc54 7.30 169.45
19.62 proc55 0.85 158.04
24.55 proc56 7.07 101.80
36.41 proc57 1.85 93.48
71.33 proc58 0.14 154.70
17.21 proc59 9.82 109.80
22.14 proc60 0.01 134.47
46.06 proc61 5.73 57.24
17.99 proc62 8.06 88.45
3.73 proc63 7.23 145.90
25.30 proc64 6.35 126.10
72.16 proc65 8.97 188.31
65.94 proc66 2.24 131.45
26.03 proc67 7.09 124.14
53.64 proc68 6.61 153.41
20.25 proc69 8.90 119.59
61.64 proc70 1.85 154.04
42.80 proc71 7.99 77.37
45.53 proc72 0.39 193.33
1.73 proc73 0.89 108.43
69.20 proc74 4.26 124.53
41.43 proc75 3.88 80.88
20.02 proc76 2.68 91.86
51.66 proc77 6.15 83.39
22.16 proc78 3.30 150.13
68.75 proc79 6.00 182.92
38.96 proc80 4.22 179.14
9.24 proc81 9.93 125.02
22.53 proc82 6.00 140.26
21.23 proc83 6.23 152.53
74.14 proc84 5.45 118.60
24.67 proc85 0.98 122.91
42.45 proc86 3.65 183.50
2.03 proc87 0.53 82.17
14.82 proc88 3.49 147.41
2.16 proc89 2.66 73.91
56.24 proc90 7.85 196.47
49.22 proc91 9.08 189.56
27.15 proc92 2.09 100.42
8.02 proc93 4.92 27.52
70.56 proc94 4.80 171.74
15.07 proc95 8.09 134.19
63.70 proc96 3.75 83.19
57.40 proc97 4.02 85.18
22.20 proc98 6.00 104.31
11.75 proc99 6.29 133.99
46.29 proc100 3.79 133.80
37.48 proc101 0.35 107.80
28.10 proc102 3.97 133.34
63.70 proc103 5.04 93.75
70.98 proc104 4.45 172.48
44.17 proc105 6.45 119.04
24.69 proc106 4.95 154.32
32.56 proc107 2.60 70.18
44.44 proc108 5.56 175.00
7.50 proc109 7.13 83.92
65.48 proc110 3.30 194.85
32.34 proc111 8.30 171.94
67.33 proc112 2.04 110.20
42.96 proc113 0.54 159.90
55.47 proc114 10.00 98.56
28.99 proc115 5.89 164.79
63.20 proc116 9.18 126.50
50.54 proc117 3.52 147.19
68.05 proc118 9.45 104.02
55.54 proc119 0.45 189.41
15.19 proc120 9.18 57.27
3.23 proc121 3.49 14.05
68.88 proc122 2.47 109.32
14.29 proc123 8.20 68.49
72.49 proc124 5.59 124.09
14.04 proc125 9.46 157.84
3.99 proc126 7.88 133.95
31.06 proc127 4.62 60.60
2.62 proc128 3.70 22.97
15.88 proc129 1.10 40.38
7.59 proc130 3.13 21.81
24.04 proc131 3.56 91.07
27.71 proc132 2.74 130.95
46.69 proc133 4.65 124.78
69.70 proc134 4.31 81.32
17.70 proc135 6.18 173.05
9.87 proc136 6.72 134.02
70.91 proc137 0.86 108.53
8.37 proc138 1.21 101.76
16.70 proc139 3.32 128.73
28.40 proc140 4.34 38.33
33.95 proc141 7.54 100.42
65.68 proc142 1.24 166.95
40.93 proc143 7.46 68.11
2.65 proc144 6.75 93.79
6.31 proc145 9.11 42.56
5.89 proc146 0.43 134.20
64.61 proc147 9.88 215.22
7.99 proc148 1.00 17.81
54.09 proc149 3.23 115.98
