18.22 proc0 8.16 106.32
3.57 proc1 9.85 119.40
5.99 proc2 4.52 136.15
56.73 proc3 0.87 201.02
68.46 proc4 1.00 173.89
65.88 proc5 3.33 148.46
34.11 proc6 0.70 99.92
11.68 proc7 5.19 63.98
26.13 proc8 2.78 110.34
15.59 proc9 3.90 57.25
35.75 proc10 6.33 52.26
0.72 proc11 6.80 15.49
53.71 proc12 7.60 137.10
41.53 proc13 5.16 135.60
38.23 proc14 4.29 146.51
15.45 proc15 3.08 22.53
55.07 proc16 7.62 77.22
12.63 proc17 9.18 114.12
36.19 proc18 2.67 172.79
1.90 proc19 4.74 49.03
20.78 proc20 9.51 167.56
25.88 proc21 9.61 124.77
29.87 proc22 6.77 89.92
67.76 proc23 2.30 200.82
37.22 proc24 7.40 89.77
14.21 proc25 9.46 114.96
16.21 proc26 6.80 78.66
23.47 proc27 8.49 75.33
69.62 proc28 3.31 156.28
61.59 proc29 3.57 69.67
7.79 proc30 6.34 161.29
1.42 proc31 9.79 152.46
46.06 proc32 3.77 142.59
72.70 proc33 2.81 202.83
63.08 proc34 7.77 159.20
10.66 proc35 9.66 100.59
56.30 proc36 1.82 90.46
9.12 proc37 4.95 23.74
30.81 proc38 4.24 94.41
72.48 proc39 2.45 187.80
74.73 proc40 3.49 136.16
73.31 proc41 3.68 131.77
68.94 proc42 9.82 190.10
40.32 proc43 9.51 53.27
28.98 proc44 7.92 156.87
73.15 proc45 9.34 197.40
38.28 proc46 6.85 187.41
54.45 proc47 8.07 129.09
59.28 proc48 2.17 191.58
13.97 proc49 1.84 32.66
70.40 proc50 1.80 141.37
24.37 proc51 1.58 150.27
51.76 proc52 0.77 174.12
32.43 proc53 6.15 152.85
34.15 proc54 0.01 117.28
19.13 proc55 9.76 102.17
1.59 proc56 4.87 32.49
72.72 proc57 2.13 221.89
31.01 proc58 0.03 60.70
21.07 proc59 1.89 80.21
29.50 proc60 1.28 115.08
64.08 proc61 4.53 176.60
51.24 proc62 1.43 172.22
37.04 proc63 5.76 104.54
19.17 proc64 0.31 81.38
60.73 proc65 2.86 121.94
22.37 proc66 3.07 156.80
35.39 proc67 2.77 51.44
33.90 proc68 6.90 54.59
48.74 proc69 9.71 100.65
2.36 proc70 3.64 67.43
44.51 proc71 2.19 176.09
23.51 proc72 9.02 33.39
8.28 proc73 3.96 99.43
39.15 proc74 6.51 137.49
70.10 proc75 4.61 209.43
24.28 proc76 7.59 62.65
14.96 proc77 2.31 89.56
21.60 proc78 6.83 54.25
28.49 proc79 3.33 53.30
49.60 proc80 3.65 129.37
5.31 proc81 9.58 123.84
70.01 proc82 2.71 166.96
70.44 proc83 3.82 77.86
39.04 proc84 9.04 149.39
9.95 proc85 8.39 38.82
2.31 proc86 1.62 138.33
17.70 proc87 3.62 40.39
53.84 proc88 6.50 181.91
66.75 proc89 0.30 88.57
2.49 proc90 6.91 85.61
40.55 proc91 7.62 118.08
20.03 proc92 6.95 137.61
67.15 proc93 6.34 91.39
68.95 proc94 1.55 73.98
44.61 proc95 2.87 176.74
54.85 proc96 3.18 61.63
47.05 proc97 5.54 110.44
56.59 proc98 2.72 64.62
42.37 proc99 1.62 53.75
53.14 proc100 1.95 168.48
16.24 proc101 7.36 101.25
51.20 proc102 0.03 83.14
31.51 proc103 8.98 167.55
40.46 proc104 8.18 48.91
42.20 proc105 4.12 89.71
31.83 proc106 1.44 124.38
33.63 proc107 7.71 65.57
62.56 proc108 5.26 132.84
65.21 proc109 0.90 155.45
70.09 proc110 7.99 196.69
51.78 proc111 0.15 130.94
15.61 proc112 6.98 102.03
31.56 proc113 1.18 96.93
20.09 proc114 6.58 63.49
20.23 proc115 2.20 121.11
41.92 proc116 6.45 168.60
12.47 proc117 0.93 99.30
24.59 proc118 9.27 48.58
57.10 proc119 7.97 93.37
26.77 proc120 7.31 182.22
11.08 proc121 4.22 15.76
50.58 proc122 6.30 162.06
15.30 proc123 0.51 138.73
47.40 proc124 3.18 122.16
65.81 proc125 5.88 176.32
40.15 proc126 1.47 92.97
25.27 proc127 3.13 93.73
68.22 proc128 6.41 129.05
0.58 proc129 4.03 28.54
14.73 proc130 7.59 155.94
13.80 proc131 9.07 69.74
14.03 proc132 5.82 161.18
66.62 proc133 7.86 223.39
53.08 proc134 4.17 103.94
13.87 proc135 2.95 151.72
66.19 proc136 8.30 81.44
16.86 proc137 1.67 72.48
49.53 proc138 0.77 50.42
1.74 proc139 0.84 63.08
13.71 proc140 2.81 40.93
5.52 proc141 4.65 20.65
28.95 proc142 6.52 133.18
24.62 proc143 5.40 95.56
24.07 proc144 2.48 154.72
47.41 proc145 4.33 74.15
39.86 proc146 3.15 189.97
43.34 proc147 5.40 70.77
70.31 proc148 2.01 105.86
70.37 proc149 2.24 118.82
