51.17 proc0 9.74 98.23
25.13 proc1 2.28 41.81
2.42 proc2 1.40 13.86
7.87 proc3 1.35 101.09
39.72 proc4 3.19 68.87
17.29 proc5 0.74 107.70
55.80 proc6 2.34 168.89
66.89 proc7 3.50 117.85
21.72 proc8 2.19 159.39
1.25 proc9 2.89 9.04
35.41 proc10 9.71 46.07
54.08 proc11 3.06 92.22
61.28 proc12 3.39 120.73
66.31 proc13 4.44 146.99
37.24 proc14 9.73 171.04
50.22 proc15 2.04 187.37
20.06 proc16 9.48 49.77
0.44 proc17 8.40 81.56
24.17 proc18 1.29 131.06
16.91 proc19 1.46 167.34
19.36 proc20 6.18 170.23
19.83 proc21 3.39 63.87
37.37 proc22 1.56 130.38
65.40 proc23 0.40 73.79
28.52 proc24 5.37 37.85
15.56 proc25 2.06 52.13
8.11 proc26 4.74 39.51
18.22 proc27 4.80 25.62
54.59 proc28 8.02 84.58
32.39 proc29 0.27 76.50
31.88 proc30 2.86 171.27
29.22 proc31 5.50 72.11
49.55 proc32 0.48 110.84
20.27 proc33 9.20 96.31
24.27 proc34 3.01 174.63
26.24 proc35 5.08 59.64
43.50 proc36 6.16 149.07
56.83 proc37 8.59 86.79
58.13 proc38 5.87 205.67
69.11 proc39 0.19 215.09
16.03 proc40 4.44 59.09
9.30 proc41 8.33 138.74
27.99 proc42 4.94 161.27
58.39 proc43 7.64 182.41
16.81 proc44 0.88 29.14
15.49 proc45 4.38 107.51
29.65 proc46 0.18 59.88
4.35 proc47 7.76 21.02
15.04 proc48 5.51 117.49
10.88 proc49 4.72 115.35
8.77 proc50 6.86 31.95
28.08 proc51 8.10 177.52
13.64 proc52 1.83 80.92
2.80 proc53 9.62 42.55
60.99 proc54 1.86 106.17
66.71 proc55 3.92 179.65
35.53 proc56 7.88 155.11
50.56 proc57 8.46 137.06
55.01 proc58 0.46 66.12
28.48 proc59 1.91 111.87
3.36 proc60 3.08 40.81
11.52 proc61 6.83 24.21
7.19 proc62 8.65 49.18
39.92 proc63 9.02 76.55
54.98 proc64 7.15 117.64
1.64 proc65 6.05 122.07
56.15 proc66 0.79 139.48
37.00 proc67 7.53 103.95
1.02 proc68 4.86 72.27
6.34 proc69 8.66 110.11
47.07 proc70 9.11 197.55
64.26 proc71 0.64 158.69
67.19 proc72 1.60 142.28
8.86 proc73 6.92 74.58
22.66 proc74 4.25 43.00
50.42 proc75 4.47 161.69
32.61 proc76 1.96 153.14
73.88 proc77 6.89 162.25
28.59 proc78 7.03 40.02
61.79 proc79 7.87 203.94
34.34 proc80 4.15 159.37
30.03 proc81 2.72 163.25
1.93 proc82 1.67 8.11
38.67 proc83 2.86 149.87
68.07 proc84 5.88 96.09
1.11 proc85 2.60 92.92
54.51 proc86 6.95 180.03
38.80 proc87 6.80 117.53
4.54 proc88 0.61 32.48
6.74 proc89 8.85 160.98
73.88 proc90 3.43 134.92
59.32 proc91 7.43 165.10
49.57 proc92 7.69 180.72
51.83 proc93 2.85 70.95
31.00 proc94 1.92 137.36
42.07 proc95 2.07 187.56
11.68 proc96 9.34 118.64
70.97 proc97 4.51 125.06
31.94 proc98 5.12 95.78
45.60 proc99 6.01 93.08
43.30 proc100 5.86 142.05
72.11 proc101 3.77 130.24
46.28 proc102 0.38 66.36
33.01 proc103 7.29 102.67
41.15 proc104 1.43 133.76
18.36 proc105 7.04 147.62
15.07 proc106 8.60 135.94
63.88 proc107 8.06 101.87
13.67 proc108 2.32 122.65
43.04 proc109 8.40 98.31
63.77 proc110 4.17 202.78
35.21 proc111 3.78 80.45
62.39 proc112 9.95 119.55
72.24 proc113 4.35 83.22
28.42 proc114 9.84 66.31
74.02 proc115 2.29 209.92
60.13 proc116 4.30 176.96
41.27 proc117 2.82 127.48
56.23 proc118 4.64 179.01
34.56 proc119 0.38 129.02
58.00 proc120 8.88 73.49
50.42 proc121 3.58 117.35
71.14 proc122 1.89 135.71
19.75 proc123 1.53 149.26
23.06 proc124 5.32 153.97
37.08 proc125 5.19 52.20
28.89 proc126 3.20 106.50
10.16 proc127 8.71 135.52
51.86 proc128 6.20 94.31
35.92 proc129 0.81 78.66
7.96 proc130 8.54 41.65
11.27 proc131 5.27 95.32
42.95 proc132 4.75 154.91
74.28 proc133 7.39 211.78
63.28 proc134 0.46 123.60
51.08 proc135 5.40 194.13
56.04 proc136 9.26 101.00
18.25 proc137 0.61 35.14
1.58 proc138 7.52 118.43
19.71 proc139 2.31 143.51
40.67 proc140 3.37 143.70
53.24 proc141 4.88 86.77
17.64 proc142 0.60 118.18
71.24 proc143 0.51 132.46
61.30 proc144 8.94 137.85
16.23 proc145 5.75 170.65
10.06 proc146 3.23 150.78
27.91 proc147 5.66 180.21
36.05 proc148 5.87 151.41
15.71 proc149 8.50 168.40
