69.76 proc0 4.63 116.16
34.60 proc1 7.34 117.80
16.16 proc2 3.41 98.63
48.12 proc3 9.00 188.00
58.55 proc4 6.08 116.60
10.24 proc5 8.72 93.38
20.42 proc6 4.82 107.11
27.08 proc7 1.50 140.59
72.65 proc8 6.52 159.87
72.93 proc9 1.10 188.88
56.04 proc10 0.40 90.81
1.92 proc11 5.01 151.33
39.86 proc12 7.16 92.50
4.39 proc13 3.58 38.49
69.83 proc14 1.39 192.94
20.82 proc15 2.75 126.15
58.02 proc16 5.47 88.44
23.95 proc17 9.09 80.42
4.96 proc18 8.77 158.93
45.31 proc19 8.50 65.43
27.74 proc20 5.97 51.28
44.92 proc21 6.23 143.85
42.12 proc22 1.54 93.82
64.86 proc23 2.13 170.85
5.12 proc24 1.44 131.21
65.98 proc25 4.21 86.13
42.28 proc26 1.95 142.28
54.74 proc27 5.14 144.23
3.43 proc28 5.80 75.17
1.04 proc29 1.84 46.27
6.85 proc30 5.54 145.32
15.64 proc31 1.53 93.47
61.99 proc32 7.15 168.54
12.07 proc33 5.80 149.15
63.99 proc34 6.48 73.30
51.32 proc35 5.28 122.59
59.29 proc36 0.91 155.41
33.31 proc37 8.21 63.85
0.49 proc38 8.67 118.52
33.45 proc39 8.81 179.28
55.15 proc40 9.72 135.02
46.61 proc41 1.81 141.54
9.76 proc42 0.07 60.18
59.47 proc43 1.68 198.44
50.11 proc44 0.21 134.81
51.53 proc45 7.06 72.23
9.52 proc46 4.96 41.84
57.12 proc47 9.40 67.09
68.29 proc48 9.47 208.38
47.97 proc49 3.93 164.67
41.48 proc50 1.28 151.37
1.55 proc51 7.50 144.78
48.11 proc52 8.80 193.73
73.28 proc53 6.73 92.06
66.93 proc54 3.41 85.60
34.17 proc55 0.28 155.57
41.00 proc56 1.55 88.10
54.67 proc57 9.17 100.46
54.95 proc58 8.27 91.88
45.27 proc59 4.67 137.54
26.66 proc60 0.20 133.70
5.96 proc61 0.40 75.68
73.83 proc62 6.82 131.95
67.24 proc63 6.59 76.06
73.27 proc64 5.51 132.17
5.90 proc65 0.07 63.56
66.46 proc66 5.53 152.83
14.24 proc67 2.82 85.39
32.55 proc68 0.15 75.09
46.88 proc69 6.19 165.45
15.68 proc70 9.74 140.75
69.10 proc71 0.54 191.01
28.76 proc72 0.38 102.77
54.41 proc73 9.35 86.21
55.53 proc74 9.12 169.77
7.22 proc75 9.90 123.28
36.02 proc76 8.76 83.95
1.44 proc77 0.66 83.63
35.60 proc78 5.00 124.41
56.80 proc79 1.25 84.67
37.99 proc80 3.34 64.07
20.65 proc81 2.56 54.00
6.34 proc82 6.39 49.23
43.15 proc83 3.64 73.49
54.38 proc84 1.05 68.85
31.94 proc85 2.01 45.90
10.02 proc86 6.81 160.23
29.60 proc87 7.01 39.92
70.37 proc88 1.75 150.45
37.27 proc89 9.33 143.69
50.58 proc90 4.39 202.19
61.95 proc91 7.14 104.65
2.35 proc92 7.99 141.74
20.60 proc93 3.74 60.42
33.95 proc94 0.99 86.75
40.66 proc95 5.25 127.89
46.64 proc96 6.59 87.41
43.34 proc97 0.54 183.14
44.99 proc98 9.92 70.46
9.15 proc99 4.89 19.48
57.70 proc100 1.63 130.63
56.31 proc101 9.89 94.68
74.09 proc102 0.21 222.61
64.79 proc103 2.95 122.20
7.83 proc104 7.48 84.67
33.73 proc105 2.90 184.78
74.71 proc106 9.12 180.80
16.80 proc107 4.90 126.71
11.44 proc108 0.90 116.12
19.21 proc109 2.12 48.44
21.93 proc110 9.81 83.34
57.59 proc111 7.32 114.90
71.82 proc112 7.20 132.12
70.98 proc113 5.84 174.22
23.21 proc114 6.88 89.69
57.89 proc115 1.38 162.40
56.97 proc116 1.34 148.25
30.45 proc117 3.58 47.45
7.95 proc118 5.10 39.94
59.85 proc119 7.66 126.16
73.40 proc120 0.59 129.80
24.20 proc121 8.27 48.06
49.20 proc122 7.84 180.59
0.75 proc123 7.31 69.13
49.45 proc124 0.40 64.11
4.25 proc125 8.12 47.26
55.81 proc126 5.72 116.48
25.79 proc127 9.78 144.18
32.50 proc128 0.84 68.49
45.94 proc129 8.82 54.88
0.27 proc130 8.60 17.83
28.18 proc131 1.83 162.97
35.97 proc132 8.39 144.98
22.75 proc133 8.49 91.47
53.29 proc134 5.08 124.64
60.41 proc135 5.65 104.16
2.86 proc136 3.09 129.81
30.33 proc137 6.53 157.39
9.64 proc138 0.86 143.60
27.22 proc139 6.99 149.57
27.28 proc140 7.02 128.73
31.76 proc141 0.78 154.43
23.24 proc142 5.58 126.57
73.55 proc143 8.61 157.27
28.67 proc144 5.72 35.73
61.81 proc145 3.77 151.67
5.86 proc146 4.15 142.47
67.79 proc147 8.20 156.39
53.05 proc148 9.48 155.88
44.60 proc149 3.11 95.88
