8.42 proc0 6.22 158.05
8.35 proc1 4.59 84.24
35.36 proc2 8.15 86.12
32.84 proc3 1.66 147.64
9.61 proc4 0.18 104.67
4.59 proc5 7.91 109.48
0.58 proc6 8.71 86.94
44.87 proc7 1.48 164.66
14.66 proc8 6.21 130.01
21.30 proc9 6.41 68.25
31.41 proc10 7.53 172.82
28.12 proc11 8.65 89.52
63.77 proc12 3.36 92.07
10.08 proc13 7.74 67.65
66.65 proc14 9.02 128.23
39.09 proc15 9.63 69.90
12.58 proc16 9.71 24.06
51.41 proc17 5.69 81.11
35.56 proc18 7.65 160.37
15.13 proc19 0.49 78.93
35.40 proc20 4.67 66.38
27.34 proc21 8.42 41.76
53.72 proc22 6.93 117.04
66.19 proc23 8.27 96.93
16.10 proc24 7.16 31.03
42.38 proc25 2.37 47.00
52.97 proc26 4.04 204.90
53.86 proc27 0.90 138.00
65.87 proc28 5.64 119.44
49.45 proc29 7.66 112.32
6.11 proc30 2.38 133.81
19.26 proc31 6.02 126.96
22.26 proc32 3.19 81.00
50.45 proc33 2.01 82.06
61.69 proc34 4.16 202.78
65.58 proc35 9.81 97.82
66.70 proc36 6.87 156.68
65.64 proc37 4.05 166.28
32.27 proc38 2.84 66.29
56.23 proc39 9.43 211.73
8.84 proc40 0.24 40.82
71.50 proc41 2.81 196.41
47.34 proc42 5.78 73.01
0.12 proc43 2.51 52.68
14.91 proc44 0.73 128.07
8.38 proc45 9.47 127.42
19.60 proc46 8.37 90.61
61.15 proc47 7.12 191.72
34.44 proc48 1.42 51.86
50.03 proc49 8.92 66.38
48.06 proc50 0.10 59.23
63.93 proc51 9.63 126.80
49.98 proc52 5.95 195.83
59.93 proc53 5.96 93.37
9.95 proc54 7.95 56.35
66.17 proc55 9.07 105.80
45.95 proc56 1.68 53.72
2.27 proc57 9.83 125.01
64.00 proc58 4.42 202.68
72.00 proc59 1.10 191.16
0.71 proc60 7.50 127.78
6.24 proc61 6.03 126.34
32.86 proc62 2.69 88.81
27.81 proc63 0.68 171.16
41.55 proc64 2.01 155.48
60.78 proc65 0.83 159.53
1.06 proc66 6.96 131.13
4.10 proc67 7.26 131.97
60.56 proc68 5.80 103.32
52.68 proc69 5.39 111.48
36.72 proc70 5.49 58.17
21.50 proc71 6.32 134.22
3.54 proc72 0.70 151.04
30.16 proc73 4.41 41.63
26.50 proc74 9.95 73.66
7.46 proc75 8.05 65.21
56.41 proc76 8.20 68.69
42.97 proc77 8.74 164.73
28.27 proc78 6.82 85.03
46.76 proc79 3.84 181.45
73.46 proc80 8.74 145.39
6.44 proc81 1.60 16.06
59.64 proc82 2.08 80.28
58.04 proc83 6.10 148.86
61.57 proc84 9.63 155.19
5.17 proc85 0.63 60.61
30.02 proc86 8.15 65.93
32.06 proc87 3.88 44.85
13.57 proc88 7.65 132.39
38.54 proc89 3.88 61.22
28.96 proc90 3.68 182.51
60.56 proc91 4.54 89.04
64.57 proc92 2.49 122.15
73.84 proc93 0.23 220.65
41.20 proc94 8.44 190.70
8.20 proc95 9.13 17.78
35.60 proc96 3.13 161.41
49.48 proc97 7.40 87.72
53.94 proc98 9.21 208.70
34.52 proc99 4.35 92.65
43.92 proc100 8.21 161.07
43.86 proc101 6.29 77.12
55.83 proc102 4.90 125.03
8.38 proc103 4.74 80.84
6.67 proc104 0.24 51.17
2.20 proc105 1.33 34.69
2.43 proc106 6.08 86.60
63.76 proc107 2.67 105.60
4.18 proc108 9.87 41.41
1.96 proc109 4.47 99.07
28.85 proc110 0.32 95.02
8.31 proc111 6.17 24.66
21.80 proc112 3.62 109.05
53.95 proc113 4.73 63.45
12.80 proc114 5.62 26.75
34.94 proc115 5.92 69.11
50.51 proc116 6.24 176.16
14.56 proc117 4.74 28.82
34.14 proc118 5.30 46.95
47.83 proc119 5.56 127.91
19.15 proc120 9.41 107.95
52.08 proc121 0.51 74.57
57.16 proc122 3.42 136.81
23.98 proc123 0.61 171.83
26.37 proc124 2.32 110.27
30.53 proc125 6.98 57.84
44.65 proc126 3.71 162.30
29.36 proc127 5.66 70.07
34.12 proc128 0.21 148.86
37.87 proc129 6.58 92.39
0.13 proc130 9.14 48.30
39.83 proc131 6.08 92.65
50.82 proc132 3.70 152.57
13.94 proc133 6.90 128.08
12.56 proc134 0.42 155.03
53.35 proc135 4.49 154.58
63.52 proc136 0.44 66.41
45.48 proc137 4.35 137.13
63.01 proc138 8.90 162.32
45.28 proc139 3.95 88.41
69.25 proc140 3.97 99.46
13.76 proc141 9.28 140.51
37.12 proc142 6.06 66.20
11.15 proc143 7.92 145.59
64.77 proc144 9.59 207.13
60.79 proc145 6.70 117.56
34.16 proc146 5.17 96.01
35.39 proc147 1.24 158.61
4.04 proc148 9.64 119.21
49.24 proc149 5.68 69.75
