21.62 proc0 8.77 42.33
21.08 proc1 6.69 61.51
5.68 proc2 1.37 56.67
54.39 proc3 4.11 138.39
13.53 proc4 1.62 140.59
7.05 proc5 0.56 46.40
72.20 proc6 1.47 91.14
12.12 proc7 3.55 33.15
14.51 proc8 1.34 127.89
49.64 proc9 7.05 68.60
64.20 proc10 9.93 217.63
70.16 proc11 2.74 166.69
12.04 proc12 3.50 129.86
36.85 proc13 0.75 63.62
1.79 proc14 2.56 54.62
64.51 proc15 3.50 126.71
8.91 proc16 3.12 92.74
17.65 proc17 4.74 156.37
26.39 proc18 6.67 37.20
7.40 proc19 3.29 120.59
13.35 proc20 1.85 124.10
10.10 proc21 1.21 11.35
56.99 proc22 2.81 112.37
39.15 proc23 7.73 110.75
52.16 proc24 7.96 162.35
2.30 proc25 6.57 13.54
31.65 proc26 7.75 90.92
72.00 proc27 0.11 194.71
63.99 proc28 3.62 140.32
66.06 proc29 4.61 192.78
46.01 proc30 6.39 202.30
25.46 proc31 7.74 51.21
25.48 proc32 5.34 91.03
51.76 proc33 0.56 78.42
8.69 proc34 7.51 161.77
59.81 proc35 7.82 161.69
62.14 proc36 2.04 124.55
12.90 proc37 1.64 76.51
74.20 proc38 0.17 190.71
35.55 proc39 8.98 80.05
21.60 proc40 5.12 158.12
21.55 proc41 8.51 127.55
30.56 proc42 1.91 60.03
60.66 proc43 8.81 105.42
73.71 proc44 9.97 232.33
71.49 proc45 7.94 195.39
43.52 proc46 6.23 196.30
73.71 proc47 7.95 102.80
29.69 proc48 7.84 61.26
12.86 proc49 2.58 23.88
30.62 proc50 5.46 121.26
21.32 proc51 8.33 92.48
70.07 proc52 2.41 163.91
8.86 proc53 0.50 82.90
26.83 proc54 0.32 100.21
26.16 proc55 9.86 78.18
9.14 proc56 5.66 150.36
7.41 proc57 5.49 117.67
17.98 proc58 9.45 99.79
29.84 proc59 1.16 142.07
34.06 proc60 5.24 82.28
1.65 proc61 8.09 27.72
33.07 proc62 7.43 94.59
3.78 proc63 8.61 73.92
40.55 proc64 2.19 109.12
2.08 proc65 5.68 71.98
23.16 proc66 6.90 179.17
15.95 proc67 7.88 105.25
68.33 proc68 0.28 141.73
29.52 proc69 4.26 124.32
10.05 proc70 8.80 38.06
31.54 proc71 9.02 181.08
40.53 proc72 3.43 145.94
67.57 proc73 3.94 152.67
23.33 proc74 9.34 146.68
56.52 proc75 9.62 115.31
13.63 proc76 2.71 18.95
13.19 proc77 4.84 138.90
53.90 proc78 3.95 182.94
15.46 proc79 7.88 62.35
60.73 proc80 9.22 91.00
70.33 proc81 3.43 80.15
65.60 proc82 8.83 132.30
41.59 proc83 7.84 166.33
7.17 proc84 0.95 115.17
64.17 proc85 8.49 174.02
13.75 proc86 0.31 156.06
15.06 proc87 2.06 81.65
0.49 proc88 9.25 133.47
63.04 proc89 1.31 156.31
7.54 proc90 9.41 97.24
18.07 proc91 8.79 158.55
21.26 proc92 7.53 142.95
50.20 proc93 3.08 135.03
33.65 proc94 4.03 133.71
12.18 proc95 2.59 88.12
62.86 proc96 4.42 145.22
58.86 proc97 6.43 174.19
16.13 proc98 6.50 120.29
3.00 proc99 4.90 125.24
48.98 proc100 5.91 163.38
14.12 proc101 8.32 112.75
4.97 proc102 1.15 59.44
62.05 proc103 7.84 169.39
27.92 proc104 2.33 40.26
0.94 proc105 3.95 53.74
37.61 proc106 2.34 155.14
1.58 proc107 0.18 63.40
56.03 proc108 2.33 67.44
29.86 proc109 2.73 115.18
13.53 proc110 9.26 43.99
67.78 proc111 1.15 214.85
37.93 proc112 1.81 52.93
64.59 proc113 0.08 195.51
39.34 proc114 3.80 58.93
44.35 proc115 3.93 123.37
68.77 proc116 8.94 187.83
51.36 proc117 9.16 173.39
7.18 proc118 6.63 161.69
11.72 proc119 0.61 51.22
53.02 proc120 2.41 83.27
63.61 proc121 1.45 110.10
61.58 proc122 6.51 140.25
68.17 proc123 5.12 146.67
58.58 proc124 0.36 189.40
66.47 proc125 6.28 112.15
29.02 proc126 5.45 58.04
9.08 proc127 2.29 22.28
65.52 proc128 3.25 179.06
64.46 proc129 4.82 188.67
8.90 proc130 1.88 16.34
22.82 proc131 0.37 50.47
45.34 proc132 8.58 178.78
6.42 proc133 7.67 65.73
43.11 proc134 5.48 105.69
33.34 proc135 4.34 38.94
53.04 proc136 8.21 144.20
64.83 proc137 9.42 191.61
70.28 proc138 8.16 94.59
50.43 proc139 6.75 145.56
35.13 proc140 7.94 159.70
37.91 proc141 0.98 161.01
51.55 proc142 7.03 159.34
38.98 proc143 7.88 112.61
64.80 proc144 3.63 216.32
18.35 proc145 8.08 89.41
18.98 proc146 5.15 60.25
60.45 proc147 3.79 91.66
44.14 proc148 3.16 197.04
52.21 proc149 9.89 163.08
