49.07 proc0 2.99 186.01
8.27 proc1 1.13 78.20
71.09 proc2 9.44 103.27
61.76 proc3 4.35 98.00
7.36 proc4 7.30 142.08
5.52 proc5 2.57 90.35
13.51 proc6 3.32 49.69
74.65 proc7 5.85 158.99
71.92 proc8 1.46 223.17
67.56 proc9 8.36 142.31
39.33 proc10 4.91 155.48
31.30 proc11 6.01 165.47
65.70 proc12 5.49 190.93
2.07 proc13 3.72 40.76
18.02 proc14 4.70 167.20
6.73 proc15 5.44 45.24
47.86 proc16 7.24 137.92
64.29 proc17 7.20 92.11
28.53 proc18 6.78 77.89
28.43 proc19 5.79 52.25
61.62 proc20 1.04 154.29
42.24 proc21 5.21 79.22
31.32 proc22 3.97 149.40
16.19 proc23 4.25 40.39
33.67 proc24 6.65 130.84
30.91 proc25 7.55 60.57
47.44 proc26 3.93 182.11
13.85 proc27 2.50 105.03
24.17 proc28 6.30 70.92
45.45 proc29 0.09 172.89
54.47 proc30 8.31 205.69
25.29 proc31 3.94 100.30
41.18 proc32 8.12 179.93
23.23 proc33 0.28 67.86
33.21 proc34 4.76 182.07
3.47 proc35 8.89 119.66
14.52 proc36 5.21 35.97
4.90 proc37 7.06 65.69
49.23 proc38 0.28 197.82
69.46 proc39 6.34 225.52
58.13 proc40 3.60 186.10
54.58 proc41 6.98 95.05
15.12 proc42 2.47 22.83
5.44 proc43 5.56 20.38
27.61 proc44 9.99 118.45
24.67 proc45 0.45 89.26
3.32 proc46 2.39 148.02
11.44 proc47 3.04 112.67
38.31 proc48 9.61 150.31
37.46 proc49 8.87 93.84
37.32 proc50 6.62 145.51
24.51 proc51 3.90 84.61
41.25 proc52 5.91 140.36
43.87 proc53 6.64 77.15
48.56 proc54 0.32 75.38
13.99 proc55 3.61 50.88
46.05 proc56 4.05 119.23
42.21 proc57 5.58 162.54
16.30 proc58 0.68 125.84
67.50 proc59 5.68 165.04
16.25 proc60 0.65 58.05
67.04 proc61 3.92 170.54
20.14 proc62 9.42 67.81
66.74 proc63 5.27 209.81
5.06 proc64 1.75 149.39
18.31 proc65 3.61 68.61
34.96 proc66 9.75 152.14
69.52 proc67 5.38 115.97
51.90 proc68 7.55 110.77
31.33 proc69 6.55 174.37
2.27 proc70 8.72 157.28
22.84 proc71 7.66 85.61
72.62 proc72 0.34 119.41
16.75 proc73 9.24 151.50
10.65 proc74 9.92 22.26
6.93 proc75 2.36 65.15
30.28 proc76 7.02 89.42
8.99 proc77 6.29 148.09
29.53 proc78 3.21 128.83
55.18 proc79 7.39 106.94
48.42 proc80 7.69 81.28
46.57 proc81 0.74 187.34
74.13 proc82 0.42 219.73
22.35 proc83 2.65 158.83
10.10 proc84 4.07 146.76
10.95 proc85 5.00 33.93
38.88 proc86 9.03 171.20
64.94 proc87 0.23 132.81
56.34 proc88 4.17 176.31
29.39 proc89 1.53 107.54
51.57 proc90 7.98 101.54
64.15 proc91 4.19 121.35
59.17 proc92 4.08 122.52
56.76 proc93 7.06 162.86
48.67 proc94 8.40 67.18
39.97 proc95 9.86 134.86
48.96 proc96 5.05 124.51
35.60 proc97 3.70 113.28
69.43 proc98 1.22 207.14
52.33 proc99 5.13 66.84
15.64 proc100 2.01 146.76
36.63 proc101 0.56 79.18
63.14 proc102 8.45 174.70
17.78 proc103 6.02 82.73
67.30 proc104 2.51 104.77
72.35 proc105 7.84 113.09
39.86 proc106 4.37 152.82
0.12 proc107 9.12 23.38
37.10 proc108 8.37 77.87
30.35 proc109 5.35 145.12
35.04 proc110 7.44 182.05
24.59 proc111 2.32 174.96
45.58 proc112 0.74 171.18
22.14 proc113 3.11 90.44
51.60 proc114 2.08 156.56
69.08 proc115 1.73 141.31
10.53 proc116 7.04 153.61
64.82 proc117 7.06 194.67
71.90 proc118 2.01 172.30
13.10 proc119 6.05 47.80
67.80 proc120 0.73 208.72
62.59 proc121 4.00 91.59
61.62 proc122 0.08 97.77
49.05 proc123 3.03 134.78
6.64 proc124 9.91 130.49
58.08 proc125 9.13 207.07
18.32 proc126 0.53 114.37
11.34 proc127 9.17 71.93
72.73 proc128 8.76 163.00
46.93 proc129 0.51 69.75
61.25 proc130 9.55 103.99
56.34 proc131 7.89 157.50
68.84 proc132 6.11 169.45
11.88 proc133 2.65 154.54
53.23 proc134 3.53 195.49
35.19 proc135 1.28 162.09
30.13 proc136 3.72 167.42
2.89 proc137 5.23 129.29
28.59 proc138 4.93 136.09
69.35 proc139 1.19 180.70
5.51 proc140 9.35 118.23
22.11 proc141 6.86 100.73
68.74 proc142 6.04 88.16
40.99 proc143 7.63 101.71
36.00 proc144 4.72 146.81
30.36 proc145 9.42 165.02
18.17 proc146 3.43 52.63
9.96 proc147 3.82 123.27
70.54 proc148 7.63 111.60
46.83 proc149 6.88 104.91
