0.37 proc0 7.04 110.13
69.08 proc1 0.38 169.44
59.81 proc2 7.28 208.38
67.06 proc3 4.32 124.88
73.67 proc4 7.67 204.36
0.93 proc5 4.21 48.36
63.61 proc6 4.72 182.74
57.67 proc7 7.63 119.43
48.86 proc8 5.95 155.19
3.87 proc9 3.92 114.39
43.99 proc10 3.97 110.22
20.35 proc11 3.18 91.46
70.34 proc12 1.16 98.67
65.99 proc13 0.10 158.02
17.74 proc14 9.92 84.64
4.25 proc15 0.04 124.46
25.86 proc16 8.53 75.41
8.07 proc17 6.22 19.75
35.13 proc18 2.73 132.61
10.32 proc19 3.25 17.16
63.62 proc20 9.11 135.91
19.75 proc21 1.82 132.50
53.72 proc22 1.20 183.20
67.30 proc23 0.00 197.06
38.27 proc24 2.37 169.21
66.76 proc25 2.93 198.93
51.84 proc26 6.38 165.35
72.35 proc27 7.46 130.16
0.08 proc28 2.14 93.53
47.45 proc29 3.52 190.97
49.25 proc30 2.00 177.92
5.84 proc31 4.63 14.51
61.30 proc32 1.80 85.18
50.45 proc33 0.77 73.31
40.32 proc34 5.87 103.80
29.61 proc35 4.77 135.99
19.23 proc36 1.69 68.26
72.79 proc37 1.33 83.35
22.97 proc38 1.34 65.67
68.63 proc39 7.67 170.43
63.63 proc40 4.24 192.02
51.96 proc41 5.02 100.65
53.98 proc42 3.19 127.79
65.01 proc43 9.92 157.11
1.06 proc44 5.29 26.63
29.86 proc45 9.24 130.98
5.67 proc46 1.80 124.63
29.34 proc47 1.51 167.98
33.95 proc48 4.57 45.79
54.63 proc49 3.72 180.66
26.70 proc50 2.21 64.75
13.77 proc51 9.13 133.99
35.61 proc52 6.33 50.85
70.92 proc53 5.00 83.56
37.01 proc54 5.14 129.16
47.15 proc55 9.12 131.87
18.09 proc56 9.88 130.62
1.67 proc57 3.79 130.75
70.23 proc58 8.32 122.43
73.86 proc59 5.60 179.19
60.02 proc60 9.16 202.00
2.94 proc61 1.00 123.78
58.48 proc62 5.75 129.04
62.94 proc63 5.20 207.95
66.76 proc64 0.14 133.82
35.26 proc65 6.42 95.47
73.06 proc66 8.84 133.87
49.38 proc67 9.06 167.29
37.03 proc68 8.42 129.08
58.97 proc69 8.27 84.91
33.83 proc70 6.27 45.20
25.24 proc71 6.67 51.99
10.16 proc72 4.46 120.91
42.56 proc73 2.85 79.75
37.47 proc74 1.76 75.63
70.93 proc75 6.46 210.16
22.82 proc76 6.20 144.34
48.81 proc77 2.78 152.79
28.24 proc78 7.72 113.49
70.05 proc79 5.58 127.23
3.89 proc80 0.09 149.68
6.44 proc81 3.46 105.58
16.48 proc82 4.81 33.93
69.62 proc83 0.49 125.57
11.79 proc84 5.48 99.07
29.99 proc85 4.94 63.58
21.38 proc86 7.98 150.99
4.04 proc87 4.49 21.90
54.64 proc88 8.26 192.07
18.40 proc89 7.60 88.92
44.20 proc90 8.12 116.63
42.05 proc91 8.97 167.21
14.90 proc92 1.17 54.45
21.21 proc93 0.45 67.37
48.94 proc94 2.03 178.92
14.84 proc95 6.02 72.93
29.17 proc96 8.87 59.87
14.99 proc97 9.41 113.61
21.67 proc98 6.70 91.43
11.26 proc99 9.15 47.43
42.72 proc100 5.04 196.51
74.87 proc101 0.65 208.88
57.97 proc102 2.64 61.52
2.16 proc103 5.47 15.34
25.01 proc104 1.99 65.09
13.98 proc105 3.97 146.40
40.02 proc106 7.86 159.43
50.93 proc107 9.86 163.52
20.54 proc108 2.75 76.46
52.07 proc109 4.25 96.75
65.58 proc110 9.94 191.62
64.95 proc111 9.93 200.74
56.63 proc112 7.66 79.71
57.09 proc113 7.94 162.44
60.95 proc114 1.28 189.50
5.00 proc115 3.14 44.97
69.22 proc116 8.48 82.43
50.00 proc117 5.27 57.87
26.36 proc118 8.01 78.18
52.95 proc119 4.95 165.45
73.16 proc120 3.69 183.58
56.21 proc121 2.35 164.21
44.14 proc122 9.91 124.55
51.85 proc123 7.52 99.05
25.55 proc124 5.64 90.06
14.18 proc125 6.31 126.52
32.60 proc126 5.54 121.34
34.97 proc127 2.21 49.42
36.27 proc128 5.72 174.34
58.18 proc129 2.78 117.56
36.95 proc130 2.54 151.49
15.31 proc131 0.03 162.67
68.14 proc132 5.92 219.96
28.39 proc133 2.83 139.89
48.23 proc134 6.23 97.80
2.67 proc135 8.13 148.78
55.68 proc136 2.47 129.23
22.28 proc137 7.13 133.58
28.40 proc138 1.97 70.35
19.58 proc139 9.73 110.98
47.88 proc140 4.65 172.24
28.88 proc141 6.70 155.74
27.55 proc142 5.78 92.21
25.50 proc143 9.57 136.37
4.83 proc144 6.00 55.65
26.50 proc145 6.35 49.55
20.49 proc146 3.78 78.05
56.03 proc147 6.75 73.58
33.12 proc148 0.53 74.01
53.10 proc149 3.15 92.51
