65.08 proc0 1.20 215.27
18.50 proc1 4.75 82.37
12.40 proc2 5.27 130.94
74.05 proc3 4.46 82.61
29.56 proc4 8.24 86.05
36.36 proc5 1.10 47.01
41.77 proc6 6.43 100.38
44.40 proc7 4.77 86.13
67.78 proc8 5.88 207.97
20.56 proc9 5.02 32.05
55.10 proc10 3.70 83.29
54.60 proc11 6.17 156.49
9.15 proc12 7.82 41.75
65.79 proc13 7.69 165.12
67.84 proc14 1.64 134.76
16.97 proc15 6.48 105.21
21.74 proc16 2.05 52.00
47.83 proc17 7.97 155.52
66.32 proc18 7.01 111.28
58.47 proc19 9.75 181.51
61.70 proc20 7.10 87.59
73.95 proc21 4.38 189.62
46.81 proc22 5.60 131.02
59.20 proc23 4.37 107.59
30.02 proc24 3.41 101.98
62.66 proc25 5.68 84.13
28.54 proc26 8.58 83.69
42.64 proc27 4.95 63.75
17.50 proc28 3.80 142.59
36.48 proc29 1.59 155.63
18.12 proc30 9.82 101.96
27.52 proc31 9.68 176.87
8.17 proc32 5.92 87.72
47.47 proc33 3.81 190.46
69.48 proc34 7.81 117.69
28.76 proc35 6.17 160.46
36.65 proc36 9.98 150.80
59.94 proc37 5.66 94.07
68.02 proc38 7.99 161.41
53.67 proc39 2.86 165.79
37.45 proc40 5.27 149.26
74.46 proc41 8.94 185.11
69.29 proc42 0.03 109.82
31.11 proc43 6.36 135.15
25.70 proc44 5.63 96.22
45.90 proc45 9.46 62.80
33.67 proc46 4.35 45.08
10.75 proc47 2.34 105.08
24.99 proc48 1.41 88.30
67.69 proc49 8.56 181.02
47.32 proc50 3.56 84.76
25.59 proc51 3.48 47.11
1.45 proc52 2.72 22.69
21.70 proc53 6.87 142.51
70.54 proc54 0.30 119.17
27.98 proc55 6.42 74.64
31.70 proc56 0.91 138.06
35.24 proc57 2.34 178.12
6.23 proc58 5.67 23.57
37.18 proc59 4.70 182.02
14.57 proc60 1.01 59.07
31.51 proc61 4.42 131.69
40.53 proc62 4.61 181.76
49.79 proc63 7.51 146.99
31.76 proc64 6.91 132.85
55.92 proc65 0.64 97.03
1.04 proc66 4.87 59.99
53.76 proc67 9.57 152.53
49.03 proc68 0.40 73.72
54.87 proc69 5.36 154.98
49.93 proc70 7.30 167.10
71.68 proc71 1.50 99.34
44.56 proc72 6.91 146.81
37.87 proc73 3.54 99.35
7.71 proc74 7.78 27.09
54.81 proc75 5.23 81.26
0.04 proc76 5.37 99.67
27.08 proc77 2.54 117.40
71.68 proc78 9.08 174.52
8.82 proc79 6.40 39.33
56.20 proc80 3.05 192.85
36.13 proc81 2.61 44.86
49.21 proc82 8.55 167.45
21.89 proc83 3.60 38.33
50.85 proc84 4.63 185.00
56.65 proc85 1.94 116.63
67.26 proc86 1.94 207.85
39.39 proc87 5.55 71.72
8.28 proc88 5.11 26.36
55.16 proc89 6.29 170.35
67.21 proc90 3.78 75.70
59.01 proc91 8.60 111.47
62.07 proc92 5.16 89.37
41.91 proc93 8.08 126.15
48.34 proc94 4.86 198.79
38.09 proc95 2.41 65.16
67.11 proc96 1.38 122.28
61.43 proc97 6.63 205.15
74.82 proc98 7.74 146.29
6.30 proc99 5.09 19.43
60.75 proc100 4.05 129.55
63.10 proc101 1.92 108.74
10.04 proc102 0.20 131.35
21.11 proc103 5.79 119.18
59.19 proc104 2.23 76.58
56.99 proc105 7.31 115.64
69.32 proc106 6.26 147.62
21.21 proc107 4.45 47.20
14.75 proc108 4.42 156.77
46.62 proc109 5.26 115.85
50.64 proc110 3.36 178.77
8.01 proc111 1.78 13.37
29.87 proc112 3.12 39.52
15.43 proc113 5.93 114.68
61.57 proc114 3.82 192.16
69.15 proc115 1.42 156.98
19.82 proc116 0.66 50.75
55.85 proc117 3.49 156.33
66.62 proc118 5.46 85.43
60.42 proc119 1.67 154.41
17.40 proc120 8.43 168.62
4.78 proc121 9.49 33.75
6.57 proc122 3.48 76.27
9.84 proc123 5.53 20.57
56.50 proc124 3.74 122.78
44.88 proc125 2.96 131.70
13.09 proc126 5.61 112.50
28.22 proc127 3.05 177.45
1.71 proc128 1.94 81.70
8.39 proc129 9.99 121.54
54.55 proc130 2.31 136.41
50.95 proc131 2.95 125.85
60.69 proc132 3.82 188.61
18.80 proc133 5.14 81.03
21.39 proc134 2.67 137.31
52.66 proc135 8.66 69.01
19.59 proc136 0.40 111.77
66.49 proc137 4.16 208.23
64.58 proc138 4.39 85.57
28.60 proc139 5.51 50.57
5.18 proc140 2.78 59.09
44.95 proc141 9.58 149.88
5.93 proc142 7.67 16.32
67.98 proc143 0.17 147.93
21.53 proc144 3.03 144.40
3.15 proc145 0.05 102.87
7.00 proc146 2.66 115.33
52.89 proc147 1.53 72.53
46.68 proc148 0.14 130.79
54.98 proc149 3.95 75.56
