54.75 proc0 0.38 174.89
5.34 proc1 9.14 107.19
39.86 proc2 3.29 127.81
43.32 proc3 4.63 77.07
22.64 proc4 3.86 149.39
33.89 proc5 3.03 162.24
56.89 proc6 8.18 129.53
67.95 proc7 6.96 94.31
10.84 proc8 5.87 109.69
36.20 proc9 1.17 168.66
27.44 proc10 8.47 172.85
12.32 proc11 9.18 145.60
58.68 proc12 4.50 86.56
26.01 proc13 0.27 119.15
40.57 proc14 3.29 44.57
27.02 proc15 7.81 80.96
14.68 proc16 5.40 38.98
46.90 proc17 4.46 174.62
56.60 proc18 5.90 123.78
28.09 proc19 0.73 107.68
18.74 proc20 4.39 79.07
12.21 proc21 6.03 61.94
74.26 proc22 3.86 189.29
10.95 proc23 7.32 133.57
57.38 proc24 2.73 74.81
57.73 proc25 6.34 195.94
5.80 proc26 8.29 76.93
15.25 proc27 4.55 149.51
1.88 proc28 2.09 72.24
32.52 proc29 5.84 117.57
71.95 proc30 8.34 225.34
24.92 proc31 9.97 120.41
46.77 proc32 9.87 200.00
27.36 proc33 1.33 131.90
10.00 proc34 8.98 163.19
17.35 proc35 6.67 113.26
8.29 proc36 7.45 79.36
39.71 proc37 9.48 181.01
29.56 proc38 9.73 52.52
63.70 proc39 4.07 168.58
28.30 proc40 3.66 107.86
25.83 proc41 6.98 108.21
68.59 proc42 3.22 145.21
65.27 proc43 6.87 165.44
41.88 proc44 8.20 128.05
38.99 proc45 0.51 67.59
8.60 proc46 1.62 150.04
40.42 proc47 6.91 179.37
31.33 proc48 0.86 160.21
37.94 proc49 9.35 86.33
13.35 proc50 3.12 110.43
51.30 proc51 6.57 106.57
14.00 proc52 5.71 116.70
50.70 proc53 4.41 105.10
22.35 proc54 10.00 55.35
61.33 proc55 5.20 97.24
0.38 proc56 6.34 61.72
70.28 proc57 1.73 80.72
61.30 proc58 5.91 88.75
50.31 proc59 0.97 63.04
69.83 proc60 2.75 131.17
41.81 proc61 9.59 58.48
66.16 proc62 1.46 160.37
39.66 proc63 8.22 56.84
64.65 proc64 1.20 74.80
1.15 proc65 9.37 97.43
16.50 proc66 9.42 58.00
44.00 proc67 8.79 110.87
48.35 proc68 6.97 202.04
59.12 proc69 3.68 74.06
65.00 proc70 2.99 120.48
19.29 proc71 8.56 74.19
22.83 proc72 7.38 98.39
69.20 proc73 2.67 113.29
73.69 proc74 1.29 134.33
3.17 proc75 1.44 54.56
46.62 proc76 3.65 91.56
62.66 proc77 9.51 95.39
16.69 proc78 5.96 150.40
15.05 proc79 3.84 51.80
20.68 proc80 2.51 100.92
46.93 proc81 5.08 108.19
70.11 proc82 8.12 95.18
29.20 proc83 7.35 93.57
49.90 proc84 7.17 133.48
4.57 proc85 7.60 110.25
29.55 proc86 3.81 36.12
50.20 proc87 2.17 197.80
61.81 proc88 4.39 151.02
50.68 proc89 6.40 199.52
67.14 proc90 9.16 106.33
31.00 proc91 5.42 142.64
59.09 proc92 4.76 141.92
67.57 proc93 8.66 114.52
21.08 proc94 5.31 172.30
59.29 proc95 5.92 175.07
33.33 proc96 9.86 60.23
34.71 proc97 6.55 90.81
32.42 proc98 4.79 152.65
74.83 proc99 1.55 137.81
71.05 proc100 0.50 120.34
11.07 proc101 4.64 145.72
64.18 proc102 2.51 118.15
28.21 proc103 1.52 61.01
47.36 proc104 4.33 162.61
45.32 proc105 2.24 97.25
25.25 proc106 6.68 79.51
33.77 proc107 1.31 180.93
58.55 proc108 5.63 131.91
41.26 proc109 5.61 137.86
71.98 proc110 5.08 175.57
21.37 proc111 6.56 45.97
11.37 proc112 5.12 72.25
37.10 proc113 8.88 124.59
52.74 proc114 5.19 201.56
33.20 proc115 1.24 61.65
58.05 proc116 4.60 190.10
6.83 proc117 9.11 163.05
4.76 proc118 6.91 93.28
38.62 proc119 2.41 56.81
9.11 proc120 2.01 103.17
58.37 proc121 4.86 103.67
67.39 proc122 6.38 190.98
20.27 proc123 1.32 121.99
59.58 proc124 8.35 96.23
56.39 proc125 2.78 106.01
70.00 proc126 0.52 186.39
58.72 proc127 1.43 162.60
57.28 proc128 2.07 115.46
23.08 proc129 7.21 122.62
30.97 proc130 8.43 161.87
1.99 proc131 6.21 53.56
22.22 proc132 5.20 168.40
5.82 proc133 7.90 24.54
56.02 proc134 5.84 197.99
70.17 proc135 3.36 101.37
18.59 proc136 2.70 56.92
1.52 proc137 0.53 59.15
52.75 proc138 8.16 148.99
5.81 proc139 1.24 53.35
51.97 proc140 5.37 80.09
38.20 proc141 5.64 159.78
60.87 proc142 8.60 113.39
56.37 proc143 9.37 78.17
61.77 proc144 6.84 168.72
54.84 proc145 6.20 61.59
68.75 proc146 8.68 118.43
11.57 proc147 8.88 69.33
40.12 proc148 5.91 67.36
9.16 proc149 6.69 55.78
