43.70 proc0 4.45 62.66
66.35 proc1 8.41 124.81
66.35 proc2 1.15 122.05
49.00 proc3 9.62 185.88
14.46 proc4 4.25 63.96
29.96 proc5 9.69 52.92
32.85 proc6 4.62 110.69
14.57 proc7 8.77 95.86
26.67 proc8 0.40 73.39
11.74 proc9 6.79 43.06
71.75 proc10 2.62 165.63
4.01 proc11 1.46 72.92
29.03 proc12 0.31 114.04
56.31 proc13 6.84 142.17
44.93 proc14 8.77 196.44
67.56 proc15 2.77 208.44
74.19 proc16 7.14 138.76
35.81 proc17 9.09 83.82
72.07 proc18 2.64 119.64
20.22 proc19 4.21 171.19
32.49 proc20 3.78 72.25
3.12 proc21 4.31 65.34
36.84 proc22 8.18 107.56
4.19 proc23 5.69 25.05
43.71 proc24 1.68 192.11
40.07 proc25 0.69 78.97
34.13 proc26 0.58 180.09
62.84 proc27 5.35 199.88
7.30 proc28 4.96 33.60
29.77 proc29 7.66 121.88
28.15 proc30 1.99 171.22
46.14 proc31 2.41 104.27
0.09 proc32 7.32 35.84
31.36 proc33 7.88 152.98
38.95 proc34 3.71 181.58
37.31 proc35 9.05 195.58
56.42 proc36 3.60 67.92
54.11 proc37 1.98 144.29
44.95 proc38 2.95 60.53
55.62 proc39 6.92 190.04
22.85 proc40 0.67 30.88
18.39 proc41 6.82 68.66
46.25 proc42 6.84 56.31
60.46 proc43 1.02 182.88
42.33 proc44 6.21 75.52
36.79 proc45 1.19 50.67
36.40 proc46 8.71 111.79
40.35 proc47 5.92 142.62
9.45 proc48 1.92 151.97
15.77 proc49 9.33 119.49
4.52 proc50 2.38 111.37
8.20 proc51 4.83 69.86
29.92 proc52 1.00 40.31
31.54 proc53 9.06 65.26
17.23 proc54 4.70 139.78
30.72 proc55 9.61 175.98
37.07 proc56 4.46 157.83
70.41 proc57 9.84 135.41
43.58 proc58 1.10 128.61
38.88 proc59 3.21 116.01
11.07 proc60 3.81 124.50
63.31 proc61 4.90 100.31
16.72 proc62 8.89 72.69
21.42 proc63 3.10 57.49
33.75 proc64 5.39 142.68
17.67 proc65 9.49 124.84
10.50 proc66 4.43 29.55
68.65 proc67 3.82 84.73
21.23 proc68 9.63 59.68
63.19 proc69 4.82 144.91
25.15 proc70 6.29 165.48
4.96 proc71 4.73 67.26
21.01 proc72 6.96 68.91
44.55 proc73 9.82 141.76
61.04 proc74 4.32 83.66
37.81 proc75 6.67 55.15
11.65 proc76 8.07 96.89
18.96 proc77 7.23 160.67
25.10 proc78 0.06 154.11
39.51 proc79 8.48 99.18
2.96 proc80 1.83 150.36
69.98 proc81 2.50 139.02
23.76 proc82 5.30 50.04
44.22 proc83 1.24 63.72
12.91 proc84 9.38 105.32
22.07 proc85 4.42 59.62
27.40 proc86 5.97 37.60
65.98 proc87 8.50 187.10
58.22 proc88 1.85 173.53
47.70 proc89 7.12 145.49
73.30 proc90 7.51 199.00
71.08 proc91 6.84 83.56
29.36 proc92 0.01 114.48
39.85 proc93 5.91 149.46
48.98 proc94 7.63 150.99
15.49 proc95 0.57 26.74
32.06 proc96 4.22 136.58
34.17 proc97 3.02 115.03
15.48 proc98 0.78 121.83
72.21 proc99 7.14 141.67
42.54 proc100 6.92 74.45
26.64 proc101 6.39 160.64
29.46 proc102 0.31 157.50
72.01 proc103 5.62 143.95
48.87 proc104 2.15 81.74
21.06 proc105 4.22 64.53
26.40 proc106 8.49 137.48
1.54 proc107 3.05 152.48
40.46 proc108 5.11 55.20
18.25 proc109 4.74 139.76
49.41 proc110 0.41 120.33
61.91 proc111 3.96 82.27
50.71 proc112 7.89 79.61
39.58 proc113 7.49 152.39
72.74 proc114 4.01 214.33
13.10 proc115 6.82 70.76
32.73 proc116 0.33 61.28
9.02 proc117 0.54 83.49
7.97 proc118 5.94 14.51
12.78 proc119 8.37 92.84
71.16 proc120 4.96 153.98
31.42 proc121 3.21 171.93
39.62 proc122 9.97 155.25
50.13 proc123 5.25 123.41
27.79 proc124 4.95 160.88
21.58 proc125 6.69 108.65
47.01 proc126 1.06 133.46
61.12 proc127 2.26 156.88
23.08 proc128 3.32 58.94
23.38 proc129 5.03 36.48
59.23 proc130 4.51 146.16
23.16 proc131 8.70 162.45
16.81 proc132 3.99 150.96
69.63 proc133 0.67 129.21
28.65 proc134 4.38 166.15
17.73 proc135 7.25 108.51
57.91 proc136 3.52 160.82
25.61 proc137 1.67 160.57
72.36 proc138 4.75 110.23
13.63 proc139 7.87 130.00
17.66 proc140 5.76 49.65
58.87 proc141 8.85 74.51
49.16 proc142 1.09 116.84
39.24 proc143 0.38 116.27
68.70 proc144 4.20 215.18
60.26 proc145 6.56 167.91
27.02 proc146 4.28 35.22
1.72 proc147 7.70 38.38
68.36 proc148 7.34 175.88
9.92 proc149 9.16 87.25
